# EMD with T_RH = 1 GeV, k_cut/k_RH = 40
# k (Mpc^-1), dimensionless P(k)
7.53398e-06 9.10672e-16
8.05341e-06 1.18637e-15
8.60860e-06 1.54550e-15
9.20207e-06 2.01333e-15
9.83646e-06 2.62279e-15
1.05145e-05 3.41669e-15
1.12394e-05 4.45099e-15
1.20142e-05 5.79830e-15
1.28425e-05 7.55351e-15
1.37278e-05 9.84007e-15
1.46742e-05 1.28188e-14
1.56859e-05 1.66992e-14
1.67672e-05 2.17540e-14
1.79231e-05 2.83391e-14
1.91588e-05 3.69180e-14
2.04796e-05 4.80935e-14
2.18914e-05 6.26518e-14
2.34006e-05 8.16172e-14
2.50137e-05 1.06323e-13
2.67382e-05 1.38508e-13
2.85815e-05 1.80437e-13
3.05519e-05 2.35056e-13
3.26581e-05 3.06210e-13
3.49095e-05 3.98901e-13
3.73161e-05 5.19650e-13
3.98887e-05 6.76954e-13
4.26386e-05 8.81876e-13
4.55780e-05 1.14883e-12
4.87202e-05 1.49659e-12
5.20789e-05 1.94963e-12
5.56691e-05 2.53977e-12
5.95069e-05 3.30860e-12
6.36093e-05 4.31013e-12
6.79947e-05 5.61494e-12
7.26816e-05 7.31437e-12
7.76924e-05 9.52857e-12
8.30486e-05 1.24130e-11
8.87739e-05 1.61706e-11
9.48943e-05 2.10658e-11
1.01436e-04 2.74423e-11
1.08429e-04 3.57490e-11
1.15904e-04 4.65706e-11
1.23894e-04 6.06669e-11
1.32435e-04 7.90315e-11
1.41565e-04 1.02954e-10
1.51324e-04 1.34119e-10
1.61756e-04 1.74715e-10
1.72908e-04 2.27601e-10
1.84828e-04 2.96496e-10
1.97570e-04 3.86242e-10
2.11190e-04 5.03156e-10
2.25750e-04 6.55457e-10
2.41313e-04 8.53857e-10
2.57949e-04 1.11230e-09
2.75731e-04 1.44896e-09
2.94740e-04 1.88754e-09
3.15059e-04 2.45881e-09
3.36779e-04 3.20300e-09
3.59996e-04 4.17241e-09
3.84814e-04 5.43517e-09
4.11342e-04 7.08000e-09
4.39700e-04 9.22262e-09
4.70013e-04 1.20135e-08
5.02415e-04 1.56488e-08
5.37051e-04 2.03839e-08
5.74075e-04 2.65513e-08
6.13651e-04 3.45844e-08
6.55956e-04 4.50470e-08
7.01177e-04 5.86736e-08
7.49516e-04 7.64204e-08
8.01188e-04 9.95327e-08
8.56416e-04 1.29628e-07
9.15459e-04 1.68821e-07
9.78572e-04 2.19856e-07
1.04603e-03 2.86305e-07
1.11814e-03 3.72812e-07
1.19523e-03 4.85442e-07
1.27762e-03 6.32033e-07
1.36571e-03 8.22853e-07
1.45986e-03 1.07118e-06
1.56050e-03 1.39430e-06
1.66808e-03 1.81468e-06
1.78307e-03 2.36149e-06
1.90599e-03 3.07260e-06
2.03740e-03 3.99722e-06
2.17785e-03 5.19896e-06
2.32799e-03 6.76056e-06
2.48848e-03 8.78900e-06
2.66003e-03 1.14227e-05
2.84341e-03 1.48408e-05
3.03943e-03 1.92743e-05
3.24897e-03 2.50215e-05
3.47295e-03 3.24669e-05
3.71238e-03 4.21044e-05
3.96830e-03 5.45681e-05
4.24187e-03 7.06713e-05
4.53430e-03 9.14519e-05
4.84689e-03 1.18235e-04
5.18103e-03 1.52705e-04
5.53821e-03 1.96992e-04
5.92001e-03 2.53788e-04
6.32813e-03 3.26473e-04
6.76438e-03 4.19274e-04
7.23070e-03 5.37446e-04
7.72920e-03 6.87494e-04
8.26204e-03 8.77373e-04
8.83160e-03 1.11679e-03
9.44045e-03 1.41747e-03
1.00913e-02 1.79345e-03
1.07870e-02 2.26127e-03
1.15306e-02 2.84036e-03
1.23255e-02 3.55295e-03
1.31752e-02 4.42484e-03
1.40835e-02 5.48449e-03
1.50544e-02 6.76369e-03
1.60922e-02 8.29667e-03
1.72016e-02 1.01202e-02
1.83875e-02 1.22725e-02
1.96551e-02 1.47929e-02
2.10101e-02 1.77209e-02
2.24585e-02 2.10953e-02
2.40068e-02 2.49540e-02
2.56618e-02 2.93347e-02
2.74309e-02 3.42753e-02
2.93220e-02 3.98188e-02
3.13434e-02 4.60165e-02
3.35042e-02 5.29313e-02
3.58139e-02 6.06483e-02
3.82829e-02 6.92736e-02
4.09221e-02 7.89361e-02
4.37433e-02 8.97967e-02
4.67589e-02 1.01986e-01
4.99824e-02 1.15571e-01
5.34282e-02 1.30582e-01
5.71115e-02 1.47002e-01
6.10486e-02 1.64772e-01
6.52573e-02 1.83805e-01
6.97559e-02 2.04129e-01
7.45648e-02 2.26065e-01
7.97056e-02 2.50097e-01
8.52000e-02 2.76481e-01
9.10737e-02 3.05168e-01
9.73525e-02 3.35780e-01
1.04064e-01 3.67723e-01
1.11238e-01 4.01206e-01
1.18907e-01 4.37298e-01
1.27104e-01 4.76657e-01
1.35866e-01 5.18751e-01
1.45233e-01 5.61968e-01
1.55245e-01 6.06769e-01
1.65947e-01 6.55162e-01
1.77388e-01 7.07231e-01
1.89616e-01 7.60447e-01
2.02689e-01 8.15474e-01
2.16662e-01 8.74833e-01
2.31598e-01 9.36416e-01
2.47565e-01 9.99619e-01
2.64632e-01 1.06684e+00
2.82875e-01 1.13606e+00
3.02376e-01 1.20808e+00
3.23221e-01 1.28314e+00
3.45504e-01 1.36071e+00
3.69323e-01 1.44124e+00
3.94784e-01 1.52450e+00
4.22000e-01 1.61052e+00
4.51092e-01 1.69940e+00
4.82190e-01 1.79104e+00
5.15432e-01 1.88555e+00
5.50965e-01 1.98287e+00
5.88948e-01 2.08298e+00
6.29550e-01 2.18590e+00
6.72950e-01 2.29165e+00
7.19345e-01 2.40023e+00
7.68930e-01 2.51147e+00
8.21944e-01 2.62562e+00
8.78608e-01 2.74257e+00
9.39174e-01 2.86216e+00
1.00392e+00 2.98460e+00
1.07313e+00 3.10975e+00
1.14712e+00 3.23777e+00
1.22620e+00 3.36833e+00
1.31073e+00 3.50171e+00
1.40109e+00 3.63771e+00
1.49768e+00 3.77645e+00
1.60093e+00 3.91780e+00
1.71130e+00 4.06185e+00
1.82927e+00 4.20853e+00
1.95538e+00 4.35776e+00
2.09018e+00 4.50962e+00
2.23428e+00 4.66409e+00
2.38830e+00 4.82105e+00
2.55295e+00 4.98061e+00
2.72895e+00 5.14266e+00
2.91708e+00 5.30727e+00
3.11818e+00 5.47433e+00
3.33315e+00 5.64385e+00
3.56293e+00 5.81583e+00
3.80855e+00 5.99024e+00
4.07111e+00 6.16712e+00
4.35177e+00 6.34621e+00
4.65178e+00 6.52791e+00
4.97247e+00 6.71180e+00
5.31527e+00 6.89808e+00
5.68169e+00 7.08663e+00
6.07339e+00 7.27752e+00
6.49208e+00 7.47068e+00
6.93962e+00 7.66602e+00
7.41807e+00 7.86382e+00
7.92944e+00 8.06355e+00
8.47610e+00 8.26564e+00
9.06043e+00 8.46988e+00
9.68506e+00 8.67631e+00
1.03527e+01 8.88469e+00
1.10664e+01 9.09536e+00
1.18294e+01 9.30820e+00
1.26448e+01 9.52287e+00
1.35166e+01 9.73980e+00
1.44484e+01 9.95878e+00
1.54444e+01 1.01798e+01
1.65092e+01 1.04028e+01
1.76473e+01 1.06275e+01
1.88639e+01 1.08546e+01
2.01644e+01 1.10834e+01
2.15545e+01 1.13142e+01
2.30404e+01 1.15469e+01
2.46288e+01 1.17815e+01
2.63267e+01 1.20180e+01
2.81416e+01 1.22564e+01
3.00816e+01 1.24965e+01
3.21555e+01 1.27386e+01
3.43722e+01 1.29824e+01
3.67418e+01 1.32280e+01
3.92748e+01 1.34754e+01
4.19823e+01 1.37245e+01
4.48766e+01 1.39756e+01
4.79704e+01 1.42281e+01
5.12774e+01 1.44823e+01
5.48124e+01 1.47383e+01
5.85911e+01 1.49961e+01
6.26303e+01 1.52555e+01
6.69480e+01 1.55165e+01
7.15632e+01 1.57790e+01
7.64967e+01 1.60433e+01
8.17703e+01 1.63091e+01
8.74076e+01 1.65765e+01
9.34331e+01 1.68453e+01
9.98745e+01 1.71159e+01
1.06760e+02 1.73879e+01
1.14120e+02 1.76615e+01
1.21987e+02 1.79365e+01
1.30397e+02 1.82132e+01
1.39387e+02 1.84914e+01
1.48995e+02 1.87708e+01
1.59267e+02 1.90516e+01
1.70247e+02 1.93340e+01
1.81984e+02 1.96176e+01
1.94529e+02 1.99027e+01
2.07940e+02 2.01895e+01
2.22275e+02 2.04771e+01
2.37599e+02 2.07663e+01
2.53978e+02 2.10567e+01
2.71488e+02 2.13487e+01
2.90204e+02 2.16417e+01
3.10210e+02 2.19360e+01
3.31595e+02 2.22316e+01
3.54456e+02 2.25286e+01
3.78891e+02 2.28266e+01
4.05011e+02 2.31257e+01
4.32933e+02 2.34264e+01
4.62779e+02 2.37278e+01
4.94682e+02 2.40305e+01
5.28785e+02 2.43343e+01
5.65239e+02 2.46394e+01
6.04206e+02 2.49451e+01
6.45860e+02 2.52522e+01
6.90386e+02 2.55601e+01
7.37980e+02 2.58691e+01
7.88853e+02 2.61786e+01
8.43241e+02 2.64901e+01
9.01369e+02 2.68012e+01
9.63507e+02 2.71135e+01
1.02993e+03 2.74271e+01
1.10094e+03 2.77414e+01
1.17683e+03 2.80562e+01
1.25797e+03 2.83721e+01
1.34469e+03 2.86883e+01
1.43739e+03 2.90055e+01
1.53648e+03 2.93235e+01
1.64240e+03 2.96423e+01
1.75563e+03 2.99619e+01
1.87666e+03 3.02826e+01
2.00604e+03 3.06039e+01
2.14433e+03 3.09262e+01
2.29216e+03 3.12501e+01
2.45018e+03 3.15743e+01
2.61909e+03 3.19003e+01
2.79965e+03 3.22270e+01
2.99265e+03 3.25551e+01
3.19897e+03 3.28844e+01
3.41950e+03 3.32148e+01
3.65524e+03 3.35461e+01
3.90722e+03 3.38781e+01
4.17658e+03 3.42114e+01
4.46451e+03 3.45455e+01
4.77230e+03 3.48807e+01
5.10129e+03 3.52164e+01
5.45297e+03 3.55534e+01
5.82889e+03 3.58911e+01
6.23073e+03 3.62296e+01
6.66027e+03 3.65689e+01
7.11941e+03 3.69084e+01
7.61025e+03 3.72502e+01
8.13490e+03 3.75918e+01
8.69572e+03 3.79344e+01
9.29515e+03 3.82768e+01
9.93597e+03 3.86210e+01
1.06210e+04 3.89656e+01
1.13532e+04 3.93110e+01
1.21358e+04 3.96568e+01
1.29724e+04 4.00030e+01
1.38668e+04 4.03510e+01
1.48228e+04 4.07005e+01
1.58448e+04 4.10507e+01
1.69372e+04 4.14014e+01
1.81049e+04 4.17528e+01
1.93531e+04 4.21047e+01
2.06874e+04 4.24572e+01
2.21137e+04 4.28103e+01
2.36383e+04 4.31640e+01
2.52680e+04 4.35182e+01
2.70101e+04 4.38729e+01
2.88723e+04 4.42282e+01
3.08628e+04 4.45840e+01
3.29906e+04 4.49403e+01
3.52651e+04 4.52972e+01
3.76965e+04 4.56545e+01
4.02954e+04 4.60123e+01
4.30735e+04 4.63706e+01
4.60432e+04 4.67294e+01
4.92176e+04 4.70886e+01
5.26109e+04 4.74483e+01
5.62381e+04 4.78084e+01
6.01154e+04 4.81690e+01
6.42600e+04 4.85300e+01
6.86903e+04 4.88913e+01
7.34261e+04 4.92532e+01
7.84884e+04 4.96154e+01
8.38997e+04 4.99779e+01
8.96841e+04 5.03409e+01
9.58673e+04 5.07043e+01
1.02477e+05 5.10680e+01
1.09542e+05 5.14321e+01
1.17094e+05 5.17965e+01
1.25167e+05 5.21612e+01
1.33797e+05 5.25263e+01
1.43021e+05 5.28917e+01
1.52882e+05 5.32575e+01
1.63422e+05 5.36235e+01
1.74689e+05 5.39898e+01
1.86733e+05 5.43564e+01
1.99607e+05 5.47233e+01
2.13369e+05 5.50905e+01
2.28079e+05 5.54580e+01
2.43804e+05 5.58257e+01
2.60613e+05 5.61936e+01
2.78580e+05 5.65618e+01
2.97787e+05 5.69303e+01
3.18317e+05 5.72989e+01
3.40263e+05 5.76678e+01
3.63723e+05 5.80369e+01
3.88799e+05 5.84062e+01
4.15605e+05 5.87757e+01
4.44258e+05 5.91454e+01
4.74887e+05 5.95152e+01
5.07628e+05 5.98853e+01
5.42626e+05 6.02555e+01
5.80036e+05 6.06258e+01
6.20026e+05 6.09964e+01
6.62774e+05 6.13670e+01
7.08468e+05 6.17378e+01
7.57313e+05 6.21088e+01
8.09525e+05 6.24344e+01
8.65337e+05 6.28140e+01
9.24997e+05 6.31948e+01
9.88770e+05 6.35769e+01
1.05694e+06 6.39603e+01
1.12981e+06 6.43451e+01
1.20770e+06 6.47315e+01
1.29097e+06 6.51195e+01
1.37997e+06 6.55094e+01
1.47511e+06 6.59011e+01
1.57681e+06 6.62949e+01
1.68552e+06 6.66910e+01
1.80173e+06 6.70896e+01
1.92595e+06 6.74907e+01
2.05873e+06 6.78948e+01
2.20067e+06 6.83021e+01
2.35239e+06 6.87129e+01
2.51458e+06 6.91275e+01
2.68794e+06 6.95463e+01
2.87326e+06 6.99698e+01
3.07135e+06 7.03985e+01
3.28311e+06 7.08330e+01
3.50946e+06 7.12740e+01
3.75141e+06 7.17222e+01
4.01005e+06 7.21787e+01
4.28652e+06 7.26444e+01
4.58205e+06 7.31207e+01
4.89796e+06 7.36091e+01
5.23564e+06 7.41113e+01
5.59661e+06 7.46296e+01
5.98246e+06 7.51666e+01
6.39492e+06 7.57253e+01
6.83581e+06 7.63096e+01
7.30710e+06 7.69240e+01
7.81088e+06 7.75740e+01
8.34939e+06 7.82663e+01
8.92503e+06 7.90088e+01
9.54036e+06 7.98109e+01
1.01981e+07 8.06836e+01
1.09012e+07 8.16393e+01
1.16528e+07 8.26926e+01
1.24562e+07 8.38593e+01
1.33150e+07 8.51574e+01
1.42329e+07 8.66067e+01
1.52142e+07 8.82300e+01
1.62632e+07 9.00536e+01
1.73844e+07 9.21097e+01
1.85830e+07 9.44376e+01
1.98641e+07 9.70875e+01
2.12337e+07 1.00123e+02
2.26976e+07 1.03627e+02
2.42625e+07 1.07704e+02
2.59352e+07 1.12490e+02
2.77233e+07 1.18158e+02
2.96346e+07 1.24929e+02
3.16778e+07 1.33081e+02
3.38618e+07 1.42958e+02
3.61963e+07 1.54977e+02
3.86919e+07 1.69623e+02
4.13594e+07 1.87444e+02
4.42109e+07 2.09023e+02
4.72590e+07 2.34993e+02
5.05172e+07 2.66132e+02
5.40001e+07 3.03659e+02
5.77231e+07 3.49804e+02
6.17028e+07 4.08529e+02
6.59568e+07 4.86047e+02
7.05041e+07 5.90663e+02
7.53650e+07 7.31694e+02
8.05609e+07 9.17889e+02
8.61151e+07 1.15634e+03
9.20523e+07 1.45298e+03
9.83987e+07 1.81477e+03
1.05183e+08 2.25265e+03
1.12434e+08 2.78401e+03
1.20186e+08 3.43439e+03
1.28472e+08 4.23872e+03
1.37330e+08 5.24268e+03
1.46798e+08 6.50458e+03
1.56919e+08 8.09803e+03
1.67737e+08 1.01154e+04
1.79302e+08 1.26723e+04
1.91663e+08 1.59127e+04
2.04878e+08 2.00157e+04
2.19003e+08 2.52023e+04
2.34102e+08 3.17440e+04
2.50242e+08 3.99711e+04
2.67494e+08 5.02812e+04
2.85936e+08 6.31472e+04
3.05650e+08 7.91215e+04
3.26723e+08 9.88369e+04
3.49248e+08 1.22998e+05
3.73327e+08 1.52363e+05
3.99066e+08 1.87705e+05
4.26579e+08 2.29751e+05
4.55989e+08 2.79090e+05
4.87427e+08 3.36051e+05
5.21032e+08 4.00531e+05
5.56954e+08 4.71799e+05
5.95353e+08 5.48269e+05
6.36399e+08 6.27295e+05
6.80275e+08 7.05008e+05
7.27175e+08 7.76291e+05
7.77310e+08 8.34968e+05
8.30901e+08 8.74290e+05
8.88186e+08 8.87764e+05
9.49422e+08 8.70314e+05
1.01488e+09 8.19591e+05
1.08485e+09 7.37153e+05
1.15964e+09 6.29067e+05
1.23959e+09 5.05533e+05
1.32506e+09 3.79301e+05
1.41641e+09 2.63110e+05
1.51406e+09 1.66856e+05
1.61845e+09 9.55062e+04
1.73003e+09 4.86242e+04
1.84931e+09 2.16542e+04
1.97681e+09 8.27569e+03
2.11310e+09 2.65556e+03
2.25878e+09 6.97858e+02
2.41451e+09 1.45969e+02
2.58098e+09 2.35229e+01
2.75892e+09 2.81386e+00
2.94913e+09 2.39459e-01
3.15246e+09 1.38095e-02
3.36980e+09 5.10552e-04
3.60213e+09 1.13571e-05
3.85047e+09 1.41381e-07
4.11594e+09 9.06666e-10
4.39971e+09 2.72485e-12
4.70304e+09 3.44448e-15
5.02729e+09 1.61860e-18
5.37389e+09 2.45520e-22
5.74439e+09 1.02309e-26
6.14043e+09 9.74064e-32
6.56378e+09 1.71651e-37
7.01631e+09 4.40137e-44
7.50004e+09 1.24740e-51
8.01713e+09 2.85401e-60
8.56986e+09 3.68161e-70
9.16070e+09 1.77668e-81
9.79228e+09 2.00733e-94
1.04674e+10 3.10798e-109
1.11891e+10 3.57625e-126
1.19605e+10 1.51982e-145
1.27851e+10 1.07297e-167
1.36665e+10 5.05041e-193
1.46088e+10 5.58437e-222
1.56160e+10 4.40425e-255
1.66926e+10 0.00000e+00
1.78434e+10 0.00000e+00
1.90736e+10 0.00000e+00
2.03887e+10 0.00000e+00
2.17943e+10 0.00000e+00
2.32969e+10 0.00000e+00
2.49031e+10 0.00000e+00
2.66200e+10 0.00000e+00
2.84553e+10 0.00000e+00
3.04172e+10 0.00000e+00
3.25142e+10 0.00000e+00
3.47559e+10 0.00000e+00
3.71521e+10 0.00000e+00
3.97135e+10 0.00000e+00
4.24516e+10 0.00000e+00
4.53783e+10 0.00000e+00
4.85069e+10 0.00000e+00
5.18512e+10 0.00000e+00
5.54260e+10 0.00000e+00
5.92473e+10 0.00000e+00
6.33320e+10 0.00000e+00
6.76984e+10 0.00000e+00
7.23658e+10 0.00000e+00
7.73550e+10 0.00000e+00
8.26882e+10 0.00000e+00
8.83891e+10 0.00000e+00
9.44830e+10 0.00000e+00
1.00997e+11 0.00000e+00
1.07960e+11 0.00000e+00
1.15403e+11 0.00000e+00
1.23360e+11 0.00000e+00
1.31865e+11 0.00000e+00
1.40956e+11 0.00000e+00
1.50674e+11 0.00000e+00
1.61062e+11 0.00000e+00
1.72166e+11 0.00000e+00
1.84036e+11 0.00000e+00
1.96724e+11 0.00000e+00
2.10287e+11 0.00000e+00
2.24786e+11 0.00000e+00
2.40283e+11 0.00000e+00
2.56849e+11 0.00000e+00
2.74558e+11 0.00000e+00
2.93487e+11 0.00000e+00
3.13721e+11 0.00000e+00
3.35350e+11 0.00000e+00
3.58470e+11 0.00000e+00
3.83185e+11 0.00000e+00
4.09603e+11 0.00000e+00
4.37843e+11 0.00000e+00
4.68030e+11 0.00000e+00
5.00297e+11 0.00000e+00
5.34790e+11 0.00000e+00
5.71661e+11 0.00000e+00
6.11073e+11 0.00000e+00
6.53203e+11 0.00000e+00
6.98238e+11 0.00000e+00
7.46377e+11 0.00000e+00
7.97835e+11 0.00000e+00
8.52841e+11 0.00000e+00
9.11640e+11 0.00000e+00
9.74492e+11 0.00000e+00
1.04168e+12 0.00000e+00
1.11349e+12 0.00000e+00
1.19026e+12 0.00000e+00
1.27233e+12 0.00000e+00
1.36004e+12 0.00000e+00
1.45381e+12 0.00000e+00
1.55404e+12 0.00000e+00
1.66119e+12 0.00000e+00
1.77571e+12 0.00000e+00
1.89814e+12 0.00000e+00
2.02900e+12 0.00000e+00
2.16889e+12 0.00000e+00
2.31842e+12 0.00000e+00
2.47827e+12 0.00000e+00
2.64913e+12 0.00000e+00
2.83177e+12 0.00000e+00
3.02700e+12 0.00000e+00
3.23570e+12 0.00000e+00
3.45878e+12 0.00000e+00
3.69724e+12 0.00000e+00
3.95215e+12 0.00000e+00
4.22462e+12 0.00000e+00
4.51589e+12 0.00000e+00
4.82723e+12 0.00000e+00
5.16004e+12 0.00000e+00
5.51579e+12 0.00000e+00
5.89607e+12 0.00000e+00
6.30257e+12 0.00000e+00
6.73710e+12 0.00000e+00
7.20158e+12 0.00000e+00
7.69809e+12 0.00000e+00
8.22883e+12 0.00000e+00
8.79615e+12 0.00000e+00
9.40260e+12 0.00000e+00
1.00509e+13 0.00000e+00
1.07438e+13 0.00000e+00
1.14845e+13 0.00000e+00
1.22763e+13 0.00000e+00
1.31227e+13 0.00000e+00
1.40274e+13 0.00000e+00
1.49945e+13 0.00000e+00
1.60283e+13 0.00000e+00
1.71334e+13 0.00000e+00
1.83146e+13 0.00000e+00
1.95773e+13 0.00000e+00
2.09270e+13 0.00000e+00
2.23698e+13 0.00000e+00
2.39121e+13 0.00000e+00
2.55607e+13 0.00000e+00
2.73230e+13 0.00000e+00
2.92067e+13 0.00000e+00
3.12203e+13 0.00000e+00
3.33728e+13 0.00000e+00
3.56737e+13 0.00000e+00
3.81331e+13 0.00000e+00
4.07622e+13 0.00000e+00
4.35725e+13 0.00000e+00
4.65766e+13 0.00000e+00
4.97878e+13 0.00000e+00
5.32203e+13 0.00000e+00
5.68896e+13 0.00000e+00
6.08118e+13 0.00000e+00
6.50044e+13 0.00000e+00
6.94860e+13 0.00000e+00
7.42767e+13 0.00000e+00
7.93976e+13 0.00000e+00
8.48716e+13 0.00000e+00
9.07230e+13 0.00000e+00
9.69778e+13 0.00000e+00
1.03664e+14 0.00000e+00
1.10811e+14 0.00000e+00
1.18451e+14 0.00000e+00
1.26617e+14 0.00000e+00
1.35347e+14 0.00000e+00
1.44678e+14 0.00000e+00
1.54653e+14 0.00000e+00
1.65315e+14 0.00000e+00
1.76713e+14 0.00000e+00
1.88896e+14 0.00000e+00
2.01919e+14 0.00000e+00
2.15840e+14 0.00000e+00
2.30721e+14 0.00000e+00
2.46628e+14 0.00000e+00
2.63632e+14 0.00000e+00
2.81807e+14 0.00000e+00
3.01236e+14 0.00000e+00
3.22005e+14 0.00000e+00
3.44205e+14 0.00000e+00
3.67936e+14 0.00000e+00
3.93303e+14 0.00000e+00
4.20419e+14 0.00000e+00
4.49404e+14 0.00000e+00
4.80388e+14 0.00000e+00
5.13508e+14 0.00000e+00
5.48911e+14 0.00000e+00
5.86756e+14 0.00000e+00
6.27209e+14 0.00000e+00
6.70451e+14 0.00000e+00
7.16675e+14 0.00000e+00
7.66085e+14 0.00000e+00
8.18902e+14 0.00000e+00
8.75361e+14 0.00000e+00
9.35712e+14 0.00000e+00
1.00022e+15 0.00000e+00
1.06918e+15 0.00000e+00
1.14290e+15 0.00000e+00
1.22169e+15 0.00000e+00
1.30592e+15 0.00000e+00
1.39596e+15 0.00000e+00
1.49220e+15 0.00000e+00
1.59508e+15 0.00000e+00
1.70505e+15 0.00000e+00
1.82260e+15 0.00000e+00
1.94826e+15 0.00000e+00
2.08258e+15 0.00000e+00
2.22616e+15 0.00000e+00
2.37964e+15 0.00000e+00
2.54371e+15 0.00000e+00
2.71908e+15 0.00000e+00
2.90654e+15 0.00000e+00
3.10693e+15 0.00000e+00
3.32114e+15 0.00000e+00
3.55011e+15 0.00000e+00
3.79487e+15 0.00000e+00
4.05650e+15 0.00000e+00
4.33618e+15 0.00000e+00
4.63513e+15 0.00000e+00
4.95469e+15 0.00000e+00
