# radius / scale radius, annihilation scaling factor
1.000000000000000021e-02 1.127993101097564052e-02
1.206792640639328847e-02 1.930989708350447365e-02
1.456348477501243598e-02 3.148204434338282981e-02
1.757510624854792189e-02 4.863069884270173476e-02
2.120950887920190417e-02 7.131871743354717408e-02
2.559547922699535738e-02 9.967660403018177573e-02
3.088843596477481787e-02 1.335167916399893073e-01
3.727593720314940212e-02 1.722426007156965255e-01
4.498432668969443854e-02 2.149592571652414463e-01
5.428675439323859403e-02 2.607136739746810927e-01
6.551285568595509312e-02 3.084525050097560728e-01
7.906043210907696961e-02 3.571956758210795280e-01
9.540954763499938374e-02 4.060089640862162286e-01
1.151395399326446967e-01 4.541208221248947963e-01
1.389495494373137463e-01 5.008647066738324272e-01
1.676832936811007424e-01 5.458046587351829126e-01
2.023589647725156648e-01 5.885900436591002816e-01
2.442053094548650993e-01 6.290115474875583867e-01
2.947051702551809482e-01 6.669548235564314309e-01
3.556480306223128718e-01 7.024079942970917756e-01
4.291934260128776324e-01 7.353925166945256553e-01
5.179474679231209633e-01 7.659530369246739800e-01
6.250551925273969411e-01 7.941506603291166311e-01
7.543120063354614713e-01 8.200492179976990315e-01
9.102981779915217952e-01 8.437067334547654340e-01
1.098541141987558367e+00 8.651830820993698934e-01
1.325711365590108048e+00 8.845372474969689369e-01
1.599858719606057411e+00 9.018264102519404357e-01
1.930697728883249642e+00 9.171144529460795169e-01
2.329951810515372035e+00 9.304858560612327967e-01
2.811768697974228015e+00 9.420572394915660563e-01
3.393221771895326366e+00 9.519634636404451511e-01
4.094915062380422910e+00 9.603829168887281220e-01
4.941713361323833098e+00 9.674700598860371814e-01
5.963623316594643065e+00 9.734041985077235282e-01
7.196856730011513825e+00 9.783795119225215942e-01
8.685113737513519894e+00 9.825573868549613010e-01
1.048113134154685255e+01 9.860672568216235501e-01
1.264855216855295872e+01 9.890457059189733391e-01
1.526417967175231816e+01 9.916022792034693278e-01
1.842069969326714585e+01 9.938279357574474338e-01
2.222996482526193418e+01 9.958069352304919075e-01
2.682695795279724749e+01 9.975593394236277334e-01
3.237457542817643485e+01 9.990380865941888011e-01
3.906939937054612955e+01 1.000302283067524556e+00
4.714866363457390008e+01 1.001397145166864844e+00
5.689866029018293148e+01 1.002351662549146871e+00
6.866488450042997727e+01 1.003185823024161927e+00
8.286427728546841820e+01 1.003909126111198757e+00
1.000000000000000000e+02 1.004530100591435549e+00
