# concentration, annihilation scaling factor
1.206792640639328847e-02 1.117424374315169507e-02
1.456348477501243598e-02 1.577006097557613271e-02
1.757510624854792189e-02 2.355354457150849595e-02
2.120950887920190417e-02 3.515988728768816574e-02
2.559547922699535738e-02 5.112034525036999316e-02
3.088843596477481787e-02 7.177849632078613096e-02
3.727593720314940212e-02 9.723410193126566514e-02
4.498432668969443854e-02 1.273114016697364792e-01
5.428675439323859403e-02 1.615939274893309630e-01
6.551285568595509312e-02 1.994758501354284008e-01
7.906043210907696961e-02 2.402209893942966468e-01
9.540954763499938374e-02 2.830236799082602173e-01
1.151395399326446967e-01 3.270663799670898708e-01
1.389495494373137463e-01 3.715663427097897764e-01
1.676832936811007424e-01 4.158196984823684939e-01
2.023589647725156648e-01 4.592255514575619424e-01
2.442053094548650993e-01 5.012914189782200491e-01
2.947051702551809482e-01 5.416367277313699491e-01
3.556480306223128718e-01 5.799893430970248787e-01
4.291934260128776324e-01 6.161732449188859206e-01
5.179474679231209633e-01 6.500892578044620285e-01
6.250551925273969411e-01 6.816989611788512038e-01
7.543120063354614713e-01 7.110102939906250974e-01
9.102981779915217952e-01 7.380643357149061501e-01
1.098541141987558367e+00 7.629255099150482611e-01
1.325711365590108048e+00 7.856747055027555326e-01
1.599858719606057411e+00 8.064036058903238935e-01
1.930697728883249642e+00 8.252110571208599588e-01
2.329951810515372035e+00 8.422020696629078929e-01
2.811768697974228015e+00 8.574885797541582644e-01
3.393221771895326366e+00 8.711890668464663534e-01
4.094915062380422910e+00 8.834283297714137229e-01
4.941713361323833098e+00 8.943342155227134160e-01
5.963623316594643065e+00 9.040337022576000470e-01
7.196856730011513825e+00 9.126527280168479361e-01
8.685113737513519894e+00 9.203129731551654702e-01
1.048113134154685255e+01 9.271274073313898745e-01
1.264855216855295872e+01 9.331995003950432910e-01
1.526417967175231816e+01 9.386234586230814969e-01
1.842069969326714585e+01 9.434834484971806878e-01
2.222996482526193418e+01 9.478541664900985708e-01
2.682695795279724749e+01 9.518000100382971729e-01
3.237457542817643485e+01 9.553725240338111213e-01
3.906939937054612955e+01 9.586140311077042675e-01
4.714866363457390008e+01 9.615627527530687946e-01
5.689866029018293148e+01 9.642525536308057532e-01
6.866488450042997727e+01 9.667129601442331355e-01
8.286427728546841820e+01 9.689694213174551152e-01
1.000000000000000000e+02 9.710437370000670754e-01
