# rho_s (Msun/kpc^3), r_s (kpc) [n=5.2341e+09 kpc^-3]
3.331e+11 5.117e-08
2.552e+11 4.764e-08
7.350e+11 5.046e-08
5.986e+11 4.087e-08
4.776e+11 6.462e-08
7.718e+11 4.206e-08
2.071e+11 7.885e-08
2.903e+09 7.806e-07
1.201e+12 4.164e-08
1.807e+11 8.155e-08
7.713e+11 4.933e-08
9.757e+10 6.414e-08
8.828e+10 6.774e-08
6.310e+11 5.433e-08
9.848e+11 3.812e-08
5.146e+11 4.391e-08
1.366e+12 3.702e-08
4.115e+11 4.739e-08
2.380e+12 3.249e-08
1.585e+10 9.671e-08
6.708e+11 4.527e-08
4.085e+11 5.766e-08
3.799e+11 4.867e-08
2.866e+12 3.320e-08
1.338e+12 3.991e-08
1.008e+12 4.050e-08
2.070e+11 5.663e-08
4.160e+11 3.821e-08
2.832e+12 3.150e-08
1.101e+12 4.957e-08
8.879e+11 4.424e-08
4.488e+11 4.212e-08
2.495e+12 4.163e-08
3.228e+11 5.531e-08
4.661e+11 9.630e-08
2.105e+11 5.251e-08
1.335e+11 6.681e-08
1.023e+11 2.464e-07
1.184e+12 4.126e-08
5.759e+11 5.624e-08
2.202e+11 5.612e-08
5.099e+11 5.013e-08
1.249e+12 3.861e-08
1.226e+11 8.808e-08
7.294e+11 3.642e-08
3.178e+12 3.329e-08
5.303e+12 3.247e-08
3.540e+11 4.333e-08
1.774e+11 6.768e-08
9.976e+10 2.333e-07
1.905e+12 4.824e-08
2.845e+10 3.698e-07
7.901e+11 3.814e-08
1.001e+10 4.464e-07
7.569e+11 4.585e-08
5.803e+11 4.703e-08
1.522e+12 4.336e-08
3.237e+11 6.059e-08
6.986e+11 7.736e-08
2.401e+11 8.447e-08
2.954e+11 1.086e-07
7.471e+11 4.492e-08
1.444e+12 3.392e-08
1.970e+11 5.361e-08
1.023e+11 2.389e-07
4.706e+11 9.805e-08
4.920e+11 4.764e-08
4.395e+11 7.819e-08
8.622e+10 2.959e-07
1.232e+12 3.729e-08
7.517e+11 5.214e-08
1.781e+11 7.699e-08
7.253e+11 3.621e-08
6.148e+10 6.718e-08
1.484e+12 4.287e-08
1.703e+10 5.744e-07
1.809e+11 5.615e-08
4.482e+11 4.709e-08
3.970e+12 3.916e-08
2.044e+12 3.975e-08
8.811e+10 6.023e-08
1.023e+12 3.776e-08
8.212e+11 4.000e-08
1.185e+12 5.242e-08
1.035e+12 5.750e-08
1.749e+12 4.179e-08
7.547e+11 4.852e-08
2.481e+11 5.720e-08
2.311e+11 5.131e-08
3.143e+12 3.122e-08
6.826e+11 4.534e-08
5.327e+10 2.581e-07
1.043e+12 3.397e-08
5.577e+12 3.294e-08
7.161e+11 4.398e-08
1.110e+12 5.168e-08
1.550e+12 3.539e-08
1.607e+12 3.501e-08
8.785e+11 3.939e-08
3.213e+11 4.748e-08
5.950e+11 4.286e-08
1.013e+11 2.179e-07
1.571e+12 4.900e-08
6.362e+11 6.228e-08
5.860e+11 5.470e-08
6.825e+09 4.700e-07
6.873e+11 4.313e-08
2.181e+10 3.946e-07
5.561e+09 8.239e-07
1.601e+11 6.021e-08
1.663e+11 6.068e-08
2.569e+12 3.208e-08
1.834e+12 4.009e-08
3.336e+11 4.625e-08
2.980e+11 4.662e-08
1.627e+12 3.537e-08
2.576e+09 8.984e-07
1.464e+12 5.186e-08
1.811e+11 1.038e-07
6.021e+10 7.079e-08
3.452e+11 6.485e-08
1.545e+11 5.614e-08
5.713e+11 4.703e-08
6.643e+11 5.111e-08
1.095e+12 5.505e-08
2.714e+11 4.184e-08
2.953e+09 8.318e-07
5.807e+11 6.022e-08
9.359e+11 4.211e-08
2.869e+12 4.349e-08
5.128e+11 4.552e-08
2.540e+12 3.122e-08
3.321e+11 5.432e-08
1.987e+11 5.649e-08
2.820e+11 8.892e-08
1.497e+12 4.394e-08
2.996e+12 2.807e-08
2.052e+11 6.493e-08
2.358e+12 3.160e-08
2.031e+11 1.092e-07
1.243e+11 5.314e-08
5.403e+11 4.306e-08
7.770e+11 5.454e-08
1.032e+12 4.741e-08
9.998e+11 5.302e-08
7.850e+11 5.694e-08
5.461e+11 4.107e-08
5.956e+11 5.705e-08
8.617e+11 4.356e-08
4.363e+11 5.162e-08
1.051e+12 5.312e-08
4.992e+12 3.674e-08
8.815e+11 4.373e-08
3.547e+11 4.319e-08
1.065e+10 4.616e-07
7.608e+11 5.190e-08
1.238e+12 4.378e-08
3.357e+11 6.533e-08
6.964e+11 6.115e-08
1.366e+12 4.726e-08
9.904e+11 4.177e-08
1.758e+11 6.263e-08
1.098e+12 6.778e-08
3.192e+09 1.239e-06
1.401e+12 3.542e-08
3.370e+11 4.454e-08
1.020e+12 4.562e-08
9.864e+11 4.965e-08
7.789e+11 5.540e-08
2.128e+12 4.320e-08
5.194e+11 4.469e-08
8.607e+11 5.643e-08
7.863e+11 5.470e-08
9.901e+11 4.084e-08
1.242e+12 3.758e-08
3.819e+11 5.674e-08
1.285e+12 3.419e-08
2.480e+11 6.834e-08
1.148e+11 7.030e-08
3.358e+11 5.644e-08
6.574e+10 7.604e-08
3.945e+11 4.791e-08
2.253e+12 3.824e-08
8.752e+10 5.717e-08
9.807e+10 6.607e-08
4.154e+11 8.277e-08
2.295e+11 5.337e-08
2.287e+12 4.503e-08
6.288e+08 2.345e-06
1.717e+12 3.904e-08
1.422e+12 4.665e-08
3.367e+11 5.781e-08
2.814e+12 3.302e-08
9.857e+11 4.819e-08
2.262e+11 5.527e-08
1.461e+12 3.877e-08
9.663e+11 5.772e-08
5.597e+12 2.839e-08
8.578e+11 4.407e-08
3.885e+11 5.283e-08
1.674e+12 3.430e-08
3.876e+12 3.223e-08
4.745e+11 5.033e-08
1.783e+11 5.091e-08
9.522e+11 6.647e-08
4.675e+11 5.521e-08
1.334e+12 5.488e-08
2.763e+11 7.170e-08
9.905e+11 4.527e-08
1.670e+12 3.684e-08
2.011e+11 6.039e-08
3.043e+12 3.316e-08
5.743e+11 5.069e-08
3.804e+11 4.960e-08
1.606e+11 5.744e-08
4.614e+11 6.960e-08
8.137e+10 7.851e-08
1.009e+12 4.631e-08
1.193e+11 7.857e-08
3.320e+11 9.290e-08
1.423e+11 6.210e-08
6.706e+11 4.700e-08
1.798e+12 5.419e-08
2.029e+12 4.865e-08
5.803e+11 4.663e-08
4.079e+11 5.923e-08
6.570e+11 5.455e-08
6.257e+11 4.840e-08
2.853e+11 5.027e-08
1.035e+12 5.031e-08
1.745e+10 5.763e-07
1.523e+12 4.446e-08
4.572e+11 4.131e-08
1.351e+12 3.940e-08
3.912e+11 9.483e-08
3.857e+11 5.699e-08
3.820e+11 5.466e-08
7.562e+11 5.508e-08
4.658e+11 4.747e-08
2.467e+12 3.277e-08
2.034e+12 3.790e-08
2.336e+10 2.976e-07
6.544e+11 4.742e-08
5.437e+11 4.955e-08
1.552e+12 4.476e-08
9.075e+11 5.478e-08
3.973e+11 4.774e-08
3.399e+11 5.275e-08
3.009e+11 5.607e-08
2.000e+11 4.932e-08
4.065e+11 4.187e-08
1.635e+10 5.197e-07
1.682e+10 4.066e-07
6.335e+11 4.103e-08
1.446e+12 4.875e-08
4.350e+11 6.687e-08
1.717e+11 6.709e-08
4.672e+10 1.027e-07
5.202e+09 6.381e-07
8.068e+11 4.578e-08
4.114e+11 4.410e-08
5.165e+10 7.917e-08
1.284e+12 3.805e-08
2.172e+11 4.543e-08
1.257e+12 3.558e-08
7.455e+11 4.713e-08
8.118e+11 4.064e-08
2.035e+11 5.424e-08
1.421e+11 9.867e-08
2.281e+12 3.318e-08
3.261e+11 4.682e-08
9.682e+11 5.851e-08
9.040e+09 6.468e-07
2.718e+12 4.372e-08
4.032e+11 4.448e-08
9.048e+11 4.536e-08
4.116e+11 5.557e-08
3.067e+11 7.766e-08
3.024e+12 4.380e-08
3.314e+09 8.202e-07
2.029e+11 6.468e-08
4.167e+09 6.787e-07
1.223e+09 2.419e-06
2.946e+09 7.740e-07
2.069e+11 5.855e-08
1.483e+11 6.505e-08
9.175e+11 5.271e-08
3.192e+11 7.978e-08
1.909e+10 4.478e-07
6.253e+11 4.084e-08
1.129e+12 4.432e-08
7.139e+11 4.293e-08
6.833e+11 4.871e-08
8.109e+11 4.294e-08
3.295e+11 6.132e-08
3.169e+12 3.682e-08
2.588e+12 3.188e-08
5.969e+09 8.327e-07
1.166e+12 4.392e-08
3.870e+11 5.744e-08
3.672e+11 5.504e-08
3.358e+12 3.181e-08
2.274e+12 3.350e-08
8.531e+11 4.438e-08
3.380e+11 5.012e-08
2.541e+12 3.358e-08
1.026e+12 6.330e-08
1.961e+12 3.827e-08
9.203e+11 3.802e-08
1.136e+11 8.070e-08
7.756e+11 5.890e-08
2.134e+11 6.131e-08
2.745e+11 1.136e-07
9.048e+11 6.213e-08
4.721e+11 5.094e-08
6.517e+10 5.743e-08
2.786e+12 3.770e-08
3.085e+11 6.481e-08
7.923e+10 8.754e-08
2.588e+11 6.376e-08
5.055e+11 4.339e-08
2.189e+12 3.652e-08
1.884e+12 3.824e-08
8.473e+11 4.362e-08
8.952e+11 4.494e-08
1.642e+12 4.466e-08
3.276e+11 5.257e-08
2.225e+12 5.154e-08
3.144e+11 5.749e-08
1.489e+11 4.713e-08
9.702e+11 4.235e-08
1.256e+12 4.472e-08
2.578e+12 3.470e-08
2.884e+11 5.198e-08
8.851e+11 4.342e-08
2.236e+11 9.001e-08
2.004e+11 6.891e-08
1.641e+12 3.605e-08
1.336e+12 4.798e-08
2.316e+11 4.669e-08
2.104e+10 4.538e-07
1.537e+12 4.354e-08
8.559e+11 4.811e-08
7.235e+11 4.340e-08
5.374e+10 3.486e-07
7.118e+11 4.102e-08
5.052e+11 4.690e-08
1.011e+11 6.932e-08
2.703e+11 5.012e-08
2.919e+11 3.795e-08
7.963e+11 4.749e-08
1.156e+11 6.560e-08
1.520e+12 3.894e-08
6.977e+11 3.862e-08
6.337e+11 5.312e-08
5.666e+11 6.207e-08
8.987e+11 3.960e-08
5.703e+11 4.718e-08
2.376e+11 6.887e-08
1.041e+12 4.669e-08
7.926e+11 4.149e-08
8.299e+11 6.111e-08
1.081e+12 5.334e-08
1.770e+12 4.747e-08
1.309e+10 5.083e-07
5.257e+11 6.084e-08
8.379e+11 4.001e-08
1.268e+12 5.073e-08
3.749e+11 7.777e-08
5.830e+11 1.054e-07
4.045e+11 8.353e-08
6.926e+11 4.004e-08
9.971e+11 4.592e-08
5.732e+11 5.328e-08
5.557e+09 1.140e-06
2.745e+10 2.647e-07
1.913e+11 6.219e-08
4.337e+11 4.952e-08
5.217e+11 5.843e-08
3.939e+11 4.586e-08
6.892e+11 4.566e-08
1.046e+10 7.264e-07
2.667e+11 4.751e-08
8.400e+11 4.666e-08
3.356e+12 3.372e-08
1.074e+12 5.293e-08
2.409e+12 3.863e-08
3.100e+11 6.977e-08
2.572e+11 8.263e-08
7.121e+10 2.233e-07
7.145e+11 4.290e-08
7.754e+11 3.758e-08
4.282e+11 6.057e-08
1.241e+11 2.086e-07
1.135e+12 4.354e-08
5.488e+11 6.232e-08
4.071e+11 4.399e-08
1.697e+12 3.726e-08
1.135e+12 3.922e-08
8.977e+11 3.948e-08
4.816e+11 5.813e-08
2.676e+11 1.039e-07
1.030e+12 4.341e-08
4.443e+11 4.505e-08
7.337e+11 3.756e-08
1.683e+12 4.070e-08
1.274e+12 3.619e-08
3.132e+12 2.939e-08
1.847e+12 3.254e-08
3.390e+11 4.739e-08
5.563e+11 5.562e-08
5.429e+11 4.200e-08
9.616e+11 3.658e-08
1.452e+12 3.848e-08
1.404e+12 4.459e-08
9.944e+11 3.295e-08
8.675e+11 3.796e-08
1.877e+11 6.332e-08
7.868e+10 7.000e-08
1.356e+12 4.389e-08
5.402e+11 6.560e-08
1.833e+12 3.821e-08
3.226e+11 5.342e-08
2.292e+12 3.649e-08
1.038e+12 4.590e-08
2.055e+12 4.384e-08
1.875e+11 6.986e-08
1.116e+11 6.651e-08
1.280e+12 5.139e-08
1.330e+10 6.345e-07
8.379e+10 1.878e-07
2.487e+11 5.720e-08
6.512e+11 4.360e-08
3.409e+10 7.511e-08
1.130e+11 6.160e-08
7.831e+11 4.089e-08
2.594e+11 5.479e-08
1.618e+11 6.650e-08
3.628e+11 5.223e-08
1.873e+11 5.770e-08
1.179e+12 3.711e-08
3.015e+11 6.083e-08
7.307e+11 5.929e-08
7.677e+11 5.418e-08
7.640e+11 4.083e-08
3.684e+11 4.396e-08
1.154e+12 6.567e-08
9.142e+11 3.520e-08
6.883e+11 4.172e-08
1.170e+12 3.682e-08
2.691e+11 5.520e-08
1.330e+12 3.840e-08
1.190e+12 5.476e-08
1.688e+12 3.931e-08
6.239e+11 6.889e-08
1.975e+11 7.023e-08
7.996e+11 4.852e-08
4.288e+12 3.240e-08
4.308e+11 4.914e-08
8.107e+10 6.559e-08
9.636e+09 6.444e-07
3.222e+11 4.508e-08
1.585e+11 1.946e-07
3.635e+12 4.011e-08
8.086e+11 4.676e-08
3.125e+11 5.150e-08
7.241e+11 5.090e-08
2.516e+11 6.578e-08
1.918e+11 6.213e-08
6.861e+11 5.070e-08
5.117e+11 5.520e-08
9.681e+11 5.295e-08
1.187e+10 5.939e-07
2.203e+11 6.912e-08
1.891e+11 1.173e-07
2.453e+10 3.593e-07
1.163e+12 4.100e-08
5.671e+11 4.876e-08
7.065e+11 4.839e-08
4.858e+12 3.374e-08
6.258e+10 6.715e-08
1.788e+12 4.844e-08
1.390e+10 4.151e-07
4.092e+11 5.444e-08
9.906e+11 4.382e-08
3.607e+11 6.154e-08
8.879e+11 4.205e-08
1.502e+10 3.872e-07
7.530e+11 5.379e-08
1.468e+11 1.257e-07
4.393e+11 4.512e-08
6.195e+11 5.410e-08
1.833e+11 5.733e-08
5.837e+11 4.915e-08
2.131e+12 5.163e-08
2.079e+12 3.771e-08
1.187e+11 4.684e-08
1.942e+12 4.026e-08
1.081e+12 3.700e-08
3.784e+11 6.888e-08
1.131e+12 3.708e-08
6.246e+10 2.668e-07
1.666e+12 3.765e-08
1.648e+12 4.156e-08
5.991e+11 4.286e-08
4.417e+11 4.063e-08
3.477e+09 9.046e-07
3.476e+11 5.497e-08
3.489e+11 5.145e-08
6.437e+11 4.842e-08
2.534e+12 3.929e-08
1.011e+12 3.746e-08
1.700e+09 2.004e-06
8.709e+11 5.342e-08
7.647e+11 6.519e-08
5.347e+10 7.401e-08
5.324e+11 5.274e-08
6.873e+11 4.202e-08
1.739e+11 5.293e-08
3.172e+11 4.851e-08
1.255e+12 3.926e-08
1.066e+12 4.556e-08
9.920e+11 6.081e-08
7.316e+08 2.306e-06
2.494e+11 1.493e-07
3.003e+11 4.850e-08
6.198e+10 2.773e-07
6.311e+11 5.578e-08
2.176e+11 6.016e-08
1.979e+12 4.277e-08
4.937e+11 6.121e-08
1.622e+11 5.590e-08
1.219e+11 1.922e-07
3.822e+11 6.157e-08
7.855e+11 4.527e-08
1.197e+12 3.575e-08
1.256e+10 4.845e-07
5.516e+11 4.478e-08
3.568e+11 5.700e-08
1.067e+12 4.955e-08
5.393e+11 5.780e-08
7.461e+11 3.739e-08
1.175e+12 4.753e-08
3.295e+08 1.567e-06
3.651e+11 6.641e-08
7.787e+11 4.994e-08
1.265e+11 7.154e-08
7.314e+11 4.238e-08
5.649e+11 4.690e-08
7.006e+11 4.654e-08
1.096e+11 6.930e-08
9.323e+09 6.641e-07
4.947e+11 5.085e-08
1.044e+12 4.695e-08
9.096e+10 1.239e-07
3.755e+12 3.460e-08
1.323e+12 4.496e-08
1.427e+11 2.452e-07
3.375e+10 3.317e-07
1.387e+11 7.311e-08
3.097e+11 6.155e-08
9.555e+10 6.895e-08
5.983e+11 4.562e-08
2.804e+09 8.308e-07
4.942e+09 6.975e-07
1.583e+12 3.288e-08
5.187e+09 6.256e-07
1.289e+12 4.317e-08
6.598e+11 5.074e-08
3.148e+12 3.314e-08
4.292e+11 4.644e-08
5.263e+11 5.445e-08
4.611e+11 5.768e-08
8.916e+11 4.863e-08
1.770e+12 4.591e-08
2.587e+11 4.624e-08
1.337e+12 3.894e-08
6.858e+11 4.361e-08
2.846e+11 8.261e-08
1.721e+12 3.106e-08
5.347e+11 4.102e-08
1.001e+12 5.230e-08
1.354e+11 6.663e-08
1.117e+12 3.923e-08
2.348e+11 5.997e-08
2.146e+11 6.758e-08
3.092e+11 5.221e-08
2.671e+11 8.395e-08
1.222e+12 4.382e-08
2.534e+11 5.999e-08
5.355e+11 5.069e-08
1.018e+12 4.892e-08
3.671e+11 5.907e-08
1.994e+11 6.049e-08
1.483e+12 2.765e-08
3.147e+11 5.556e-08
9.245e+11 4.179e-08
4.729e+11 6.167e-08
1.153e+12 4.085e-08
1.567e+11 6.551e-08
2.335e+12 3.636e-08
5.626e+11 4.437e-08
4.460e+11 4.664e-08
1.445e+12 3.996e-08
4.636e+11 7.408e-08
1.092e+12 4.135e-08
1.858e+08 4.644e-06
7.302e+11 4.966e-08
1.897e+11 1.555e-07
2.743e+11 5.019e-08
5.129e+11 4.988e-08
3.677e+12 3.233e-08
7.757e+11 3.803e-08
6.209e+11 5.135e-08
5.760e+11 4.458e-08
3.158e+11 8.318e-08
6.727e+11 3.680e-08
3.805e+11 1.019e-07
4.070e+11 6.912e-08
1.111e+12 4.895e-08
5.240e+11 5.961e-08
1.731e+12 4.769e-08
5.007e+11 8.121e-08
3.904e+11 5.193e-08
1.590e+12 4.132e-08
5.609e+11 5.393e-08
2.254e+10 3.135e-07
6.812e+11 5.183e-08
3.204e+11 4.852e-08
8.788e+11 4.693e-08
3.208e+09 1.210e-06
1.716e+12 3.893e-08
4.130e+11 7.759e-08
4.427e+11 6.208e-08
3.260e+11 5.244e-08
7.096e+11 6.256e-08
1.043e+12 4.634e-08
3.842e+11 7.258e-08
1.718e+12 6.173e-08
2.391e+11 5.445e-08
1.544e+11 6.055e-08
1.521e+11 7.953e-08
8.410e+10 2.078e-07
2.911e+11 4.501e-08
1.973e+09 2.275e-06
2.435e+12 3.401e-08
2.346e+09 1.387e-06
1.560e+09 9.385e-07
7.033e+11 6.217e-08
1.891e+10 3.116e-07
9.097e+11 4.555e-08
4.192e+11 5.931e-08
4.375e+11 6.234e-08
9.258e+11 6.174e-08
5.016e+11 4.977e-08
6.890e+11 7.070e-08
1.502e+11 6.512e-08
2.810e+11 4.613e-08
1.088e+12 4.722e-08
2.450e+11 4.679e-08
1.479e+11 6.552e-08
1.307e+12 5.958e-08
1.006e+12 4.620e-08
2.975e+11 5.197e-08
1.320e+11 5.051e-08
5.928e+11 8.988e-08
1.048e+12 4.424e-08
1.584e+11 6.274e-08
3.319e+12 3.298e-08
7.537e+11 4.659e-08
2.162e+12 3.297e-08
2.997e+12 3.575e-08
1.444e+12 5.386e-08
1.450e+10 6.598e-07
3.453e+12 3.192e-08
1.298e+11 7.573e-08
8.647e+11 4.754e-08
6.433e+11 4.698e-08
5.965e+11 4.540e-08
8.527e+11 6.664e-08
6.495e+11 4.321e-08
6.359e+10 6.706e-08
1.347e+12 4.843e-08
3.398e+11 5.040e-08
1.925e+12 4.074e-08
3.348e+11 7.974e-08
9.009e+11 3.991e-08
7.049e+11 4.117e-08
1.994e+10 3.263e-07
4.897e+10 2.940e-07
7.313e+11 5.060e-08
2.238e+11 4.594e-08
1.733e+12 3.520e-08
6.416e+11 4.837e-08
2.295e+11 5.894e-08
1.784e+12 3.841e-08
5.931e+11 4.868e-08
2.530e+11 5.124e-08
1.128e+12 4.420e-08
2.580e+11 5.714e-08
2.694e+11 6.101e-08
8.094e+11 5.873e-08
3.031e+12 4.298e-08
2.679e+11 4.517e-08
1.196e+12 4.858e-08
2.166e+11 4.648e-08
1.950e+11 7.211e-08
9.875e+11 4.152e-08
9.327e+11 5.882e-08
1.713e+12 4.008e-08
2.067e+12 4.078e-08
1.683e+11 1.544e-07
3.549e+11 4.692e-08
7.919e+11 4.562e-08
3.155e+11 6.410e-08
3.548e+11 8.209e-08
2.591e+12 3.995e-08
1.389e+10 5.270e-07
9.184e+08 3.946e-06
2.983e+11 5.089e-08
7.446e+11 6.744e-08
1.094e+12 2.797e-08
4.229e+11 5.215e-08
3.406e+12 3.486e-08
1.507e+12 4.144e-08
2.355e+11 5.489e-08
2.978e+11 5.260e-08
6.190e+11 4.203e-08
2.537e+11 6.501e-08
4.276e+11 5.634e-08
2.048e+11 9.007e-08
8.141e+11 4.473e-08
2.754e+12 3.874e-08
1.423e+12 4.124e-08
7.425e+10 5.659e-08
1.540e+08 4.471e-06
3.636e+09 8.774e-07
1.825e+12 3.048e-08
7.125e+11 4.610e-08
4.845e+11 5.852e-08
1.273e+12 4.034e-08
4.726e+11 6.063e-08
3.743e+11 5.959e-08
6.855e+11 6.027e-08
5.263e+11 5.352e-08
3.829e+09 1.128e-06
6.329e+11 3.947e-08
1.351e+12 4.307e-08
2.139e+12 3.787e-08
9.559e+11 4.230e-08
9.710e+11 4.419e-08
5.828e+11 5.033e-08
2.717e+11 6.679e-08
2.138e+11 1.256e-07
1.156e+11 5.262e-08
5.320e+12 2.666e-08
1.541e+10 4.130e-07
4.733e+11 6.132e-08
1.839e+12 3.908e-08
7.915e+11 5.063e-08
3.824e+11 6.606e-08
1.599e+11 6.067e-08
5.241e+11 5.164e-08
1.591e+12 4.132e-08
4.520e+12 3.285e-08
2.641e+11 4.881e-08
8.402e+11 3.996e-08
6.942e+11 3.701e-08
2.130e+12 3.290e-08
8.210e+10 7.188e-08
2.506e+11 5.820e-08
3.621e+11 4.564e-08
4.979e+11 7.597e-08
9.303e+11 4.658e-08
4.740e+11 4.501e-08
3.563e+11 4.676e-08
7.129e+11 5.194e-08
1.276e+12 5.231e-08
6.720e+10 5.698e-08
6.379e+11 4.689e-08
1.291e+11 6.101e-08
1.769e+11 7.117e-08
2.265e+12 4.315e-08
3.793e+11 5.082e-08
9.540e+11 3.798e-08
9.078e+10 6.287e-08
1.194e+12 4.709e-08
5.031e+09 6.187e-07
5.715e+11 4.400e-08
2.481e+11 5.803e-08
6.727e+11 5.263e-08
