# EMD with T_RH = 32 MeV, k_cut/k_RH = 20
# k (kpc^-1), dimensionless P(k)
7.53398e-09 9.10720e-16
8.05341e-09 1.18643e-15
8.60860e-09 1.54558e-15
9.20207e-09 2.01344e-15
9.83646e-09 2.62293e-15
1.05145e-08 3.41686e-15
1.12394e-08 4.45122e-15
1.20142e-08 5.79860e-15
1.28425e-08 7.55390e-15
1.37278e-08 9.84058e-15
1.46742e-08 1.28195e-14
1.56859e-08 1.67000e-14
1.67672e-08 2.17551e-14
1.79231e-08 2.83406e-14
1.91588e-08 3.69199e-14
2.04796e-08 4.80960e-14
2.18914e-08 6.26550e-14
2.34006e-08 8.16214e-14
2.50137e-08 1.06328e-13
2.67382e-08 1.38515e-13
2.85815e-08 1.80446e-13
3.05519e-08 2.35068e-13
3.26581e-08 3.06226e-13
3.49095e-08 3.98921e-13
3.73161e-08 5.19677e-13
3.98887e-08 6.76989e-13
4.26386e-08 8.81922e-13
4.55780e-08 1.14889e-12
4.87202e-08 1.49667e-12
5.20789e-08 1.94973e-12
5.56691e-08 2.53991e-12
5.95069e-08 3.30877e-12
6.36093e-08 4.31036e-12
6.79947e-08 5.61523e-12
7.26816e-08 7.31475e-12
7.76924e-08 9.52906e-12
8.30486e-08 1.24136e-11
8.87739e-08 1.61714e-11
9.48943e-08 2.10668e-11
1.01436e-07 2.74437e-11
1.08429e-07 3.57509e-11
1.15904e-07 4.65730e-11
1.23894e-07 6.06701e-11
1.32435e-07 7.90356e-11
1.41565e-07 1.02960e-10
1.51324e-07 1.34126e-10
1.61756e-07 1.74724e-10
1.72908e-07 2.27613e-10
1.84828e-07 2.96511e-10
1.97570e-07 3.86262e-10
2.11190e-07 5.03182e-10
2.25750e-07 6.55491e-10
2.41313e-07 8.53901e-10
2.57949e-07 1.11235e-09
2.75731e-07 1.44903e-09
2.94740e-07 1.88763e-09
3.15059e-07 2.45894e-09
3.36779e-07 3.20316e-09
3.59996e-07 4.17262e-09
3.84814e-07 5.43545e-09
4.11342e-07 7.08037e-09
4.39700e-07 9.22310e-09
4.70013e-07 1.20142e-08
5.02415e-07 1.56496e-08
5.37051e-07 2.03850e-08
5.74075e-07 2.65527e-08
6.13651e-07 3.45862e-08
6.55956e-07 4.50493e-08
7.01177e-07 5.86766e-08
7.49516e-07 7.64244e-08
8.01188e-07 9.95379e-08
8.56416e-07 1.29634e-07
9.15459e-07 1.68830e-07
9.78572e-07 2.19868e-07
1.04603e-06 2.86320e-07
1.11814e-06 3.72832e-07
1.19523e-06 4.85467e-07
1.27762e-06 6.32065e-07
1.36571e-06 8.22896e-07
1.45986e-06 1.07123e-06
1.56050e-06 1.39437e-06
1.66808e-06 1.81477e-06
1.78307e-06 2.36161e-06
1.90599e-06 3.07276e-06
2.03740e-06 3.99743e-06
2.17785e-06 5.19923e-06
2.32799e-06 6.76091e-06
2.48848e-06 8.78945e-06
2.66003e-06 1.14233e-05
2.84341e-06 1.48415e-05
3.03943e-06 1.92753e-05
3.24897e-06 2.50228e-05
3.47295e-06 3.24686e-05
3.71238e-06 4.21066e-05
3.96830e-06 5.45709e-05
4.24187e-06 7.06749e-05
4.53430e-06 9.14567e-05
4.84689e-06 1.18242e-04
5.18103e-06 1.52713e-04
5.53821e-06 1.97003e-04
5.92001e-06 2.53801e-04
6.32813e-06 3.26490e-04
6.76438e-06 4.19295e-04
7.23070e-06 5.37474e-04
7.72920e-06 6.87529e-04
8.26204e-06 8.77418e-04
8.83160e-06 1.11685e-03
9.44045e-06 1.41755e-03
1.00913e-05 1.79355e-03
1.07870e-05 2.26138e-03
1.15306e-05 2.84050e-03
1.23255e-05 3.55313e-03
1.31752e-05 4.42507e-03
1.40835e-05 5.48478e-03
1.50544e-05 6.76404e-03
1.60922e-05 8.29710e-03
1.72016e-05 1.01207e-02
1.83875e-05 1.22731e-02
1.96551e-05 1.47937e-02
2.10101e-05 1.77218e-02
2.24585e-05 2.10963e-02
2.40068e-05 2.49553e-02
2.56618e-05 2.93362e-02
2.74309e-05 3.42770e-02
2.93220e-05 3.98209e-02
3.13434e-05 4.60189e-02
3.35042e-05 5.29341e-02
3.58139e-05 6.06515e-02
3.82829e-05 6.92772e-02
4.09221e-05 7.89401e-02
4.37433e-05 8.98013e-02
4.67589e-05 1.01991e-01
4.99824e-05 1.15577e-01
5.34282e-05 1.30588e-01
5.71115e-05 1.47010e-01
6.10486e-05 1.64781e-01
6.52573e-05 1.83815e-01
6.97559e-05 2.04139e-01
7.45648e-05 2.26076e-01
7.97056e-05 2.50110e-01
8.52000e-05 2.76496e-01
9.10737e-05 3.05184e-01
9.73525e-05 3.35797e-01
1.04064e-04 3.67742e-01
1.11238e-04 4.01227e-01
1.18907e-04 4.37321e-01
1.27104e-04 4.76682e-01
1.35866e-04 5.18778e-01
1.45233e-04 5.61997e-01
1.55245e-04 6.06801e-01
1.65947e-04 6.55195e-01
1.77388e-04 7.07267e-01
1.89616e-04 7.60486e-01
2.02689e-04 8.15517e-01
2.16662e-04 8.74878e-01
2.31598e-04 9.36465e-01
2.47565e-04 9.99671e-01
2.64632e-04 1.06689e+00
2.82875e-04 1.13612e+00
3.02376e-04 1.20814e+00
3.23221e-04 1.28321e+00
3.45504e-04 1.36078e+00
3.69323e-04 1.44131e+00
3.94784e-04 1.52458e+00
4.22000e-04 1.61060e+00
4.51092e-04 1.69948e+00
4.82190e-04 1.79114e+00
5.15432e-04 1.88565e+00
5.50965e-04 1.98297e+00
5.88948e-04 2.08309e+00
6.29550e-04 2.18601e+00
6.72950e-04 2.29177e+00
7.19345e-04 2.40035e+00
7.68930e-04 2.51160e+00
8.21944e-04 2.62576e+00
8.78608e-04 2.74271e+00
9.39174e-04 2.86231e+00
1.00392e-03 2.98475e+00
1.07313e-03 3.10991e+00
1.14712e-03 3.23794e+00
1.22620e-03 3.36851e+00
1.31073e-03 3.50189e+00
1.40109e-03 3.63790e+00
1.49768e-03 3.77664e+00
1.60093e-03 3.91801e+00
1.71130e-03 4.06206e+00
1.82927e-03 4.20874e+00
1.95538e-03 4.35799e+00
2.09018e-03 4.50985e+00
2.23428e-03 4.66433e+00
2.38830e-03 4.82130e+00
2.55295e-03 4.98087e+00
2.72895e-03 5.14293e+00
2.91708e-03 5.30754e+00
3.11818e-03 5.47462e+00
3.33315e-03 5.64414e+00
3.56293e-03 5.81613e+00
3.80855e-03 5.99055e+00
4.07111e-03 6.16744e+00
4.35177e-03 6.34654e+00
4.65178e-03 6.52825e+00
4.97247e-03 6.71215e+00
5.31527e-03 6.89844e+00
5.68169e-03 7.08700e+00
6.07339e-03 7.27790e+00
6.49208e-03 7.47106e+00
6.93962e-03 7.66641e+00
7.41807e-03 7.86423e+00
7.92944e-03 8.06397e+00
8.47610e-03 8.26607e+00
9.06043e-03 8.47032e+00
9.68506e-03 8.67676e+00
1.03527e-02 8.88515e+00
1.10664e-02 9.09583e+00
1.18294e-02 9.30868e+00
1.26448e-02 9.52336e+00
1.35166e-02 9.74030e+00
1.44484e-02 9.95930e+00
1.54444e-02 1.01803e+01
1.65092e-02 1.04033e+01
1.76473e-02 1.06281e+01
1.88639e-02 1.08551e+01
2.01644e-02 1.10840e+01
2.15545e-02 1.13148e+01
2.30404e-02 1.15475e+01
2.46288e-02 1.17821e+01
2.63267e-02 1.20186e+01
2.81416e-02 1.22570e+01
3.00816e-02 1.24971e+01
3.21555e-02 1.27393e+01
3.43722e-02 1.29831e+01
3.67418e-02 1.32287e+01
3.92748e-02 1.34761e+01
4.19823e-02 1.37252e+01
4.48766e-02 1.39763e+01
4.79704e-02 1.42288e+01
5.12774e-02 1.44831e+01
5.48124e-02 1.47391e+01
5.85911e-02 1.49969e+01
6.26303e-02 1.52563e+01
6.69480e-02 1.55173e+01
7.15632e-02 1.57798e+01
7.64967e-02 1.60441e+01
8.17703e-02 1.63099e+01
8.74076e-02 1.65774e+01
9.34331e-02 1.68462e+01
9.98745e-02 1.71168e+01
1.06760e-01 1.73888e+01
1.14120e-01 1.76624e+01
1.21987e-01 1.79374e+01
1.30397e-01 1.82142e+01
1.39387e-01 1.84924e+01
1.48995e-01 1.87717e+01
1.59267e-01 1.90526e+01
1.70247e-01 1.93350e+01
1.81984e-01 1.96186e+01
1.94529e-01 1.99037e+01
2.07940e-01 2.01905e+01
2.22275e-01 2.04782e+01
2.37599e-01 2.07674e+01
2.53978e-01 2.10578e+01
2.71488e-01 2.13498e+01
2.90204e-01 2.16428e+01
3.10210e-01 2.19372e+01
3.31595e-01 2.22328e+01
3.54456e-01 2.25298e+01
3.78891e-01 2.28278e+01
4.05011e-01 2.31269e+01
4.32933e-01 2.34276e+01
4.62779e-01 2.37290e+01
4.94682e-01 2.40317e+01
5.28785e-01 2.43355e+01
5.65239e-01 2.46407e+01
6.04206e-01 2.49464e+01
6.45860e-01 2.52535e+01
6.90386e-01 2.55614e+01
7.37980e-01 2.58704e+01
7.88853e-01 2.61799e+01
8.43241e-01 2.64914e+01
9.01369e-01 2.68025e+01
9.63507e-01 2.71149e+01
1.02993e+00 2.74285e+01
1.10094e+00 2.77428e+01
1.17683e+00 2.80577e+01
1.25797e+00 2.83735e+01
1.34469e+00 2.86898e+01
1.43739e+00 2.90070e+01
1.53648e+00 2.93250e+01
1.64240e+00 2.96439e+01
1.75563e+00 2.99635e+01
1.87666e+00 3.02842e+01
2.00604e+00 3.06055e+01
2.14433e+00 3.09278e+01
2.29216e+00 3.12517e+01
2.45018e+00 3.15759e+01
2.61909e+00 3.19019e+01
2.79965e+00 3.22287e+01
2.99265e+00 3.25568e+01
3.19897e+00 3.28861e+01
3.41950e+00 3.32165e+01
3.65524e+00 3.35478e+01
3.90722e+00 3.38799e+01
4.17658e+00 3.42131e+01
4.46451e+00 3.45473e+01
4.77230e+00 3.48824e+01
5.10129e+00 3.52182e+01
5.45297e+00 3.55552e+01
5.82889e+00 3.58929e+01
6.23073e+00 3.62314e+01
6.66027e+00 3.65708e+01
7.11941e+00 3.69103e+01
7.61025e+00 3.72521e+01
8.13490e+00 3.75937e+01
8.69572e+00 3.79363e+01
9.29515e+00 3.82787e+01
9.93597e+00 3.86229e+01
1.06210e+01 3.89676e+01
1.13532e+01 3.93129e+01
1.21358e+01 3.96587e+01
1.29724e+01 4.00049e+01
1.38668e+01 4.03529e+01
1.48228e+01 4.07025e+01
1.58448e+01 4.10526e+01
1.69372e+01 4.14033e+01
1.81049e+01 4.17547e+01
1.93531e+01 4.21502e+01
2.06874e+01 4.25072e+01
2.21137e+01 4.28656e+01
2.36383e+01 4.32254e+01
2.52680e+01 4.35866e+01
2.70101e+01 4.39493e+01
2.88723e+01 4.43137e+01
3.08628e+01 4.46797e+01
3.29906e+01 4.50474e+01
3.52651e+01 4.54170e+01
3.76965e+01 4.57886e+01
4.02954e+01 4.61623e+01
4.30735e+01 4.65382e+01
4.60432e+01 4.69164e+01
4.92176e+01 4.72973e+01
5.26109e+01 4.76809e+01
5.62381e+01 4.80674e+01
6.01154e+01 4.84573e+01
6.42600e+01 4.88506e+01
6.86903e+01 4.92478e+01
7.34261e+01 4.96493e+01
7.84884e+01 5.00554e+01
8.38997e+01 5.04668e+01
8.96841e+01 5.08839e+01
9.58673e+01 5.13076e+01
1.02477e+02 5.17387e+01
1.09542e+02 5.21781e+01
1.17094e+02 5.26270e+01
1.25167e+02 5.30868e+01
1.33797e+02 5.35593e+01
1.43021e+02 5.40465e+01
1.52882e+02 5.45509e+01
1.63422e+02 5.50756e+01
1.74689e+02 5.56243e+01
1.86733e+02 5.62014e+01
1.99607e+02 5.68125e+01
2.13369e+02 5.74639e+01
2.28079e+02 5.81635e+01
2.43804e+02 5.89201e+01
2.60613e+02 5.97441e+01
2.78580e+02 6.06470e+01
2.97787e+02 6.16416e+01
3.18317e+02 6.27419e+01
3.40263e+02 6.39634e+01
3.63723e+02 6.53236e+01
3.88799e+02 6.68427e+01
4.15605e+02 6.85447e+01
4.44258e+02 7.04597e+01
4.74887e+02 7.26258e+01
5.07628e+02 7.50917e+01
5.42626e+02 7.79203e+01
5.80036e+02 8.11926e+01
6.20026e+02 8.50129e+01
6.62774e+02 8.95148e+01
7.08468e+02 9.48680e+01
7.57313e+02 1.01286e+02
8.09525e+02 1.09031e+02
8.65337e+02 1.18421e+02
9.24997e+02 1.29822e+02
9.88770e+02 1.43636e+02
1.05694e+03 1.60288e+02
1.12981e+03 1.80225e+02
1.20770e+03 2.03996e+02
1.29097e+03 2.32481e+02
1.37997e+03 2.67317e+02
1.47511e+03 3.11420e+02
1.57681e+03 3.69289e+02
1.68552e+03 4.46756e+02
1.80173e+03 5.50057e+02
1.92595e+03 6.84607e+02
2.05873e+03 8.54284e+02
2.20067e+03 1.06191e+03
2.35239e+03 1.31087e+03
2.51458e+03 1.60691e+03
2.68794e+03 1.95951e+03
2.87326e+03 2.38236e+03
3.07135e+03 2.89345e+03
3.28311e+03 3.51494e+03
3.50946e+03 4.27301e+03
3.75141e+03 5.19772e+03
4.01005e+03 6.32260e+03
4.28652e+03 7.68389e+03
4.58205e+03 9.31912e+03
4.89796e+03 1.12647e+04
5.23564e+03 1.35523e+04
5.59661e+03 1.62036e+04
5.98246e+03 1.92229e+04
6.39492e+03 2.25886e+04
6.83581e+03 2.62427e+04
7.30710e+03 3.00802e+04
7.81088e+03 3.39395e+04
8.34939e+03 3.75985e+04
8.92503e+03 4.07775e+04
9.54036e+03 4.31558e+04
1.01981e+04 4.44042e+04
1.09012e+04 4.42338e+04
1.16528e+04 4.24582e+04
1.24562e+04 3.90562e+04
1.33150e+04 3.42179e+04
1.42329e+04 2.83526e+04
1.52142e+04 2.20401e+04
1.62632e+04 1.59269e+04
1.73844e+04 1.05876e+04
1.85830e+04 6.39748e+03
1.98641e+04 3.46607e+03
2.12337e+04 1.65768e+03
2.26976e+04 6.87473e+02
2.42625e+04 2.42247e+02
2.59352e+04 7.08598e+01
2.77233e+04 1.67547e+01
2.96346e+04 3.10651e+00
3.16778e+04 4.36254e-01
3.38618e+04 4.45978e-02
3.61963e+04 3.17188e-03
3.86919e+04 1.49028e-04
4.13594e+04 4.35990e-06
4.42109e+04 7.42316e-08
4.72590e+04 6.80872e-10
5.05172e+04 3.08023e-12
5.40001e+04 6.21371e-15
5.77231e+04 4.98121e-18
6.17028e+04 1.39111e-21
6.59568e+04 1.16441e-25
7.05041e+04 2.45992e-30
7.53650e+04 1.07774e-35
8.05609e+04 7.82402e-42
8.61151e+04 7.28293e-49
9.20523e+04 6.48484e-57
9.83987e+04 3.95199e-66
1.05183e+05 1.12440e-76
1.12434e+05 9.64689e-89
1.20186e+05 1.51462e-102
1.28472e+05 2.45938e-118
1.37330e+05 2.15153e-136
1.46798e+05 4.81367e-157
1.56919e+05 1.17558e-180
1.67737e+05 1.18463e-207
1.79302e+05 1.62068e-238
1.91663e+05 8.45227e-274
2.04878e+05 0.00000e+00
2.19003e+05 0.00000e+00
2.34102e+05 0.00000e+00
2.50242e+05 0.00000e+00
2.67494e+05 0.00000e+00
2.85936e+05 0.00000e+00
3.05650e+05 0.00000e+00
3.26723e+05 0.00000e+00
3.49248e+05 0.00000e+00
3.73327e+05 0.00000e+00
3.99066e+05 0.00000e+00
4.26579e+05 0.00000e+00
4.55989e+05 0.00000e+00
4.87427e+05 0.00000e+00
5.21032e+05 0.00000e+00
5.56954e+05 0.00000e+00
5.95353e+05 0.00000e+00
6.36399e+05 0.00000e+00
6.80275e+05 0.00000e+00
7.27175e+05 0.00000e+00
7.77310e+05 0.00000e+00
8.30901e+05 0.00000e+00
8.88186e+05 0.00000e+00
9.49422e+05 0.00000e+00
1.01488e+06 0.00000e+00
1.08485e+06 0.00000e+00
1.15964e+06 0.00000e+00
1.23959e+06 0.00000e+00
1.32506e+06 0.00000e+00
1.41641e+06 0.00000e+00
1.51406e+06 0.00000e+00
1.61845e+06 0.00000e+00
1.73003e+06 0.00000e+00
1.84931e+06 0.00000e+00
1.97681e+06 0.00000e+00
2.11310e+06 0.00000e+00
2.25878e+06 0.00000e+00
2.41451e+06 0.00000e+00
2.58098e+06 0.00000e+00
2.75892e+06 0.00000e+00
2.94913e+06 0.00000e+00
3.15246e+06 0.00000e+00
3.36980e+06 0.00000e+00
3.60213e+06 0.00000e+00
3.85047e+06 0.00000e+00
4.11594e+06 0.00000e+00
4.39971e+06 0.00000e+00
4.70304e+06 0.00000e+00
5.02729e+06 0.00000e+00
5.37389e+06 0.00000e+00
5.74439e+06 0.00000e+00
6.14043e+06 0.00000e+00
6.56378e+06 0.00000e+00
7.01631e+06 0.00000e+00
7.50004e+06 0.00000e+00
8.01713e+06 0.00000e+00
8.56986e+06 0.00000e+00
9.16070e+06 0.00000e+00
9.79228e+06 0.00000e+00
1.04674e+07 0.00000e+00
1.11891e+07 0.00000e+00
1.19605e+07 0.00000e+00
1.27851e+07 0.00000e+00
1.36665e+07 0.00000e+00
1.46088e+07 0.00000e+00
1.56160e+07 0.00000e+00
1.66926e+07 0.00000e+00
1.78434e+07 0.00000e+00
1.90736e+07 0.00000e+00
2.03887e+07 0.00000e+00
2.17943e+07 0.00000e+00
2.32969e+07 0.00000e+00
2.49031e+07 0.00000e+00
2.66200e+07 0.00000e+00
2.84553e+07 0.00000e+00
3.04172e+07 0.00000e+00
3.25142e+07 0.00000e+00
3.47559e+07 0.00000e+00
3.71521e+07 0.00000e+00
3.97135e+07 0.00000e+00
4.24516e+07 0.00000e+00
4.53783e+07 0.00000e+00
4.85069e+07 0.00000e+00
5.18512e+07 0.00000e+00
5.54260e+07 0.00000e+00
5.92473e+07 0.00000e+00
6.33320e+07 0.00000e+00
6.76984e+07 0.00000e+00
7.23658e+07 0.00000e+00
7.73550e+07 0.00000e+00
8.26882e+07 0.00000e+00
8.83891e+07 0.00000e+00
9.44830e+07 0.00000e+00
1.00997e+08 0.00000e+00
1.07960e+08 0.00000e+00
1.15403e+08 0.00000e+00
1.23360e+08 0.00000e+00
1.31865e+08 0.00000e+00
1.40956e+08 0.00000e+00
1.50674e+08 0.00000e+00
1.61062e+08 0.00000e+00
1.72166e+08 0.00000e+00
1.84036e+08 0.00000e+00
1.96724e+08 0.00000e+00
2.10287e+08 0.00000e+00
2.24786e+08 0.00000e+00
2.40283e+08 0.00000e+00
2.56849e+08 0.00000e+00
2.74558e+08 0.00000e+00
2.93487e+08 0.00000e+00
3.13721e+08 0.00000e+00
3.35350e+08 0.00000e+00
3.58470e+08 0.00000e+00
3.83185e+08 0.00000e+00
4.09603e+08 0.00000e+00
4.37843e+08 0.00000e+00
4.68030e+08 0.00000e+00
5.00297e+08 0.00000e+00
5.34790e+08 0.00000e+00
5.71661e+08 0.00000e+00
6.11073e+08 0.00000e+00
6.53203e+08 0.00000e+00
6.98238e+08 0.00000e+00
7.46377e+08 0.00000e+00
7.97835e+08 0.00000e+00
8.52841e+08 0.00000e+00
9.11640e+08 0.00000e+00
9.74492e+08 0.00000e+00
1.04168e+09 0.00000e+00
1.11349e+09 0.00000e+00
1.19026e+09 0.00000e+00
1.27233e+09 0.00000e+00
1.36004e+09 0.00000e+00
1.45381e+09 0.00000e+00
1.55404e+09 0.00000e+00
1.66119e+09 0.00000e+00
1.77571e+09 0.00000e+00
1.89814e+09 0.00000e+00
2.02900e+09 0.00000e+00
2.16889e+09 0.00000e+00
2.31842e+09 0.00000e+00
2.47827e+09 0.00000e+00
2.64913e+09 0.00000e+00
2.83177e+09 0.00000e+00
3.02700e+09 0.00000e+00
3.23570e+09 0.00000e+00
3.45878e+09 0.00000e+00
3.69724e+09 0.00000e+00
3.95215e+09 0.00000e+00
4.22462e+09 0.00000e+00
4.51589e+09 0.00000e+00
4.82723e+09 0.00000e+00
5.16004e+09 0.00000e+00
5.51579e+09 0.00000e+00
5.89607e+09 0.00000e+00
6.30257e+09 0.00000e+00
6.73710e+09 0.00000e+00
7.20158e+09 0.00000e+00
7.69809e+09 0.00000e+00
8.22883e+09 0.00000e+00
8.79615e+09 0.00000e+00
9.40260e+09 0.00000e+00
1.00509e+10 0.00000e+00
1.07438e+10 0.00000e+00
1.14845e+10 0.00000e+00
1.22763e+10 0.00000e+00
1.31227e+10 0.00000e+00
1.40274e+10 0.00000e+00
1.49945e+10 0.00000e+00
1.60283e+10 0.00000e+00
1.71334e+10 0.00000e+00
1.83146e+10 0.00000e+00
1.95773e+10 0.00000e+00
2.09270e+10 0.00000e+00
2.23698e+10 0.00000e+00
2.39121e+10 0.00000e+00
2.55607e+10 0.00000e+00
2.73230e+10 0.00000e+00
2.92067e+10 0.00000e+00
3.12203e+10 0.00000e+00
3.33728e+10 0.00000e+00
3.56737e+10 0.00000e+00
3.81331e+10 0.00000e+00
4.07622e+10 0.00000e+00
4.35725e+10 0.00000e+00
4.65766e+10 0.00000e+00
4.97878e+10 0.00000e+00
5.32203e+10 0.00000e+00
5.68896e+10 0.00000e+00
6.08118e+10 0.00000e+00
6.50044e+10 0.00000e+00
6.94860e+10 0.00000e+00
7.42767e+10 0.00000e+00
7.93976e+10 0.00000e+00
8.48716e+10 0.00000e+00
9.07230e+10 0.00000e+00
9.69778e+10 0.00000e+00
1.03664e+11 0.00000e+00
1.10811e+11 0.00000e+00
1.18451e+11 0.00000e+00
1.26617e+11 0.00000e+00
1.35347e+11 0.00000e+00
1.44678e+11 0.00000e+00
1.54653e+11 0.00000e+00
1.65315e+11 0.00000e+00
1.76713e+11 0.00000e+00
1.88896e+11 0.00000e+00
2.01919e+11 0.00000e+00
2.15840e+11 0.00000e+00
2.30721e+11 0.00000e+00
2.46628e+11 0.00000e+00
2.63632e+11 0.00000e+00
2.81807e+11 0.00000e+00
3.01236e+11 0.00000e+00
3.22005e+11 0.00000e+00
3.44205e+11 0.00000e+00
3.67936e+11 0.00000e+00
3.93303e+11 0.00000e+00
4.20419e+11 0.00000e+00
4.49404e+11 0.00000e+00
4.80388e+11 0.00000e+00
5.13508e+11 0.00000e+00
5.48911e+11 0.00000e+00
5.86756e+11 0.00000e+00
6.27209e+11 0.00000e+00
6.70451e+11 0.00000e+00
7.16675e+11 0.00000e+00
7.66085e+11 0.00000e+00
8.18902e+11 0.00000e+00
8.75361e+11 0.00000e+00
9.35712e+11 0.00000e+00
1.00022e+12 0.00000e+00
1.06918e+12 0.00000e+00
1.14290e+12 0.00000e+00
1.22169e+12 0.00000e+00
1.30592e+12 0.00000e+00
1.39596e+12 0.00000e+00
1.49220e+12 0.00000e+00
1.59508e+12 0.00000e+00
1.70505e+12 0.00000e+00
1.82260e+12 0.00000e+00
1.94826e+12 0.00000e+00
2.08258e+12 0.00000e+00
2.22616e+12 0.00000e+00
2.37964e+12 0.00000e+00
2.54371e+12 0.00000e+00
2.71908e+12 0.00000e+00
2.90654e+12 0.00000e+00
3.10693e+12 0.00000e+00
3.32114e+12 0.00000e+00
3.55011e+12 0.00000e+00
3.79487e+12 0.00000e+00
4.05650e+12 0.00000e+00
4.33618e+12 0.00000e+00
4.63513e+12 0.00000e+00
4.95469e+12 0.00000e+00
