0  3.331e+11 5.117e-08  3.839e+11 4.194e-08  7.440e+11 1.673e-08  6.383e+00 0.804 -0.498 5.703 1.023e+02
1  2.552e+11 4.764e-08  3.316e+11 3.515e-08  1.680e+12 3.692e-09  5.627e+00 0.763 -0.073 4.688 2.290e+02
2  7.350e+11 5.046e-08  1.068e+12 3.381e-08  8.360e+14 3.236e-12  6.866e+00 0.309 -0.948 5.957 1.680e+02
3  5.986e+11 4.087e-08  5.666e+11 3.908e-08  7.119e+11 2.846e-08  1.054e+01 0.770 0.583 1.729 2.626e+02
4  4.776e+11 6.462e-08  4.187e+11 6.519e-08  4.277e+11 6.331e-08  1.690e+01 0.765 -0.010 3.327 5.716e+02
5  7.718e+11 4.206e-08  7.864e+11 3.803e-08  1.036e+12 2.594e-08  7.214e+00 0.733 0.670 4.867 2.025e+02
6  2.071e+11 7.885e-08  4.845e+11 2.933e-08  1.244e+13 3.232e-10  5.204e+00 0.306 0.828 5.882 1.842e+02
7  2.903e+09 7.806e-07  5.882e+09 3.771e-07  6.406e+09 3.349e-07  3.152e+01 0.525 -0.181 3.815 5.408e+02
8  1.201e+12 4.164e-08  1.127e+12 4.006e-08  3.825e+12 7.334e-09  9.740e+00 0.650 0.743 2.761 3.944e+02
9  1.807e+11 8.155e-08  2.244e+11 6.277e-08  1.087e+12 7.022e-09  6.092e+00 0.882 -0.059 3.585 3.656e+02
10  7.713e+11 4.933e-08  8.427e+11 4.217e-08  1.334e+12 2.227e-08  5.685e+00 0.714 0.415 1.495 2.172e+02
11  9.757e+10 6.414e-08  1.454e+11 4.194e-08  8.705e+11 3.493e-09  8.663e+00 0.655 -0.753 3.843 3.509e+02
12  8.828e+10 6.774e-08  1.222e+11 4.743e-08  4.921e+11 6.850e-09  6.753e+00 0.890 -0.382 5.165 1.502e+02
13  6.310e+11 5.433e-08  4.977e+11 5.866e-08  4.977e+11 5.866e-08  6.262e+01 0.330 0.320 3.876 5.412e+02
14  9.848e+11 3.812e-08  9.007e+11 3.727e-08  3.139e+12 6.581e-09  6.647e+00 0.939 -0.177 3.006 4.045e+02
15  5.146e+11 4.391e-08  7.753e+11 2.825e-08  2.130e+13 2.835e-10  6.118e+00 0.385 -0.901 3.462 2.904e+02
16  1.366e+12 3.702e-08  1.166e+12 3.797e-08  5.475e+12 4.431e-09  9.817e+00 0.879 -0.420 2.851 4.629e+02
17  4.115e+11 4.739e-08  4.108e+11 4.362e-08  4.232e+11 4.185e-08  1.140e+01 0.710 -0.638 4.019 3.727e+02
18  2.380e+12 3.249e-08  1.933e+12 3.440e-08  2.787e+12 2.070e-08  8.128e+00 0.986 0.164 2.596 4.236e+02
19  1.585e+10 9.671e-08  4.190e+10 2.984e-08  1.230e+11 6.689e-09  6.939e+00 0.719 0.675 1.166 1.692e+02
20  6.708e+11 4.527e-08  7.379e+11 3.856e-08  2.021e+12 9.514e-09  6.887e+00 0.653 0.740 2.749 3.460e+02
21  4.085e+11 5.766e-08  8.427e+11 2.604e-08  3.010e+13 1.815e-10  5.559e+00 0.245 -0.943 0.000 1.869e+02
22  3.799e+11 4.867e-08  4.862e+11 3.652e-08  1.288e+13 3.855e-10  6.984e+00 0.577 0.807 3.742 3.220e+02
23  2.866e+12 3.320e-08  2.444e+12 3.403e-08  2.630e+12 3.073e-08  6.206e+00 0.903 0.008 4.018 3.292e+02
24  1.338e+12 3.991e-08  1.272e+12 3.795e-08  1.579e+12 2.810e-08  6.249e+00 0.802 0.471 5.236 1.539e+02
25  1.008e+12 4.050e-08  8.343e+11 4.243e-08  8.353e+11 4.236e-08  2.296e+01 0.591 0.398 4.684 2.359e+02
26  2.070e+11 5.663e-08  1.987e+11 5.369e-08  2.807e+11 3.323e-08  1.625e+01 0.770 0.167 3.037 5.664e+02
27  4.160e+11 3.821e-08  4.053e+11 3.580e-08  4.427e+11 3.168e-08  1.194e+01 0.732 -0.586 5.190 1.124e+02
28  2.832e+12 3.150e-08  3.176e+12 2.639e-08  3.257e+13 1.041e-09  5.230e+00 0.381 0.738 1.035 1.969e+02
29  1.101e+12 4.957e-08  9.438e+11 5.071e-08  1.033e+12 4.473e-08  1.015e+01 0.901 0.342 2.076 3.526e+02
30  8.879e+11 4.424e-08  7.853e+11 4.430e-08  1.283e+12 2.240e-08  8.199e+00 0.956 -0.292 3.281 4.498e+02
31  4.488e+11 4.212e-08  1.220e+12 1.352e-08  1.441e+13 4.382e-10  6.222e+00 0.118 -0.992 1.413 2.227e+02
32  2.495e+12 4.163e-08  3.472e+12 2.914e-08  1.816e+13 2.928e-09  5.938e+00 0.183 0.977 4.558 2.308e+02
33  3.228e+11 5.531e-08  4.174e+11 4.096e-08  1.158e+12 9.930e-09  5.497e+00 0.714 -0.011 2.272 2.986e+02
34  4.661e+11 9.630e-08  4.531e+11 9.040e-08  5.000e+11 7.883e-08  1.228e+01 0.693 0.632 4.101 3.636e+02
35  2.105e+11 5.251e-08  4.526e+11 2.382e-08  9.704e+12 3.373e-10  1.222e+01 0.150 0.986 3.616 2.720e+02
36  1.335e+11 6.681e-08  2.910e+11 2.824e-08  4.335e+12 6.633e-10  7.385e+00 0.332 -0.943 3.587 2.899e+02
37  1.023e+11 2.464e-07  1.192e+11 2.019e-07  1.256e+11 1.878e-07  1.629e+01 0.609 0.625 4.128 3.754e+02
38  1.184e+12 4.126e-08  1.090e+12 4.014e-08  2.027e+12 1.696e-08  6.385e+00 0.898 -0.249 3.409 3.855e+02
39  5.759e+11 5.624e-08  5.523e+11 5.321e-08  1.128e+12 1.973e-08  7.937e+00 0.891 -0.454 2.440 3.819e+02
40  2.202e+11 5.612e-08  2.596e+11 4.532e-08  3.760e+11 2.710e-08  9.251e+00 0.700 0.703 5.225 1.348e+02
41  5.099e+11 5.013e-08  5.425e+11 4.401e-08  6.250e+11 3.616e-08  1.115e+01 0.551 -0.805 3.781 3.662e+02
42  1.249e+12 3.861e-08  1.109e+12 3.864e-08  1.908e+12 1.819e-08  1.744e+01 0.483 0.767 3.016 4.522e+02
43  1.226e+11 8.808e-08  1.443e+11 7.129e-08  2.394e+11 3.530e-08  9.897e+00 0.824 0.523 1.349 1.745e+02
44  7.294e+11 3.642e-08  8.989e+11 2.819e-08  3.922e+14 6.076e-12  5.906e+00 0.530 -0.779 2.846 3.121e+02
45  3.178e+12 3.329e-08  2.517e+12 3.581e-08  3.234e+12 2.528e-08  9.083e+00 0.983 0.087 3.198 4.824e+02
46  5.303e+12 3.247e-08  4.417e+12 3.386e-08  4.483e+12 3.317e-08  1.143e+01 0.547 -0.804 0.602 7.975e+01
47  3.540e+11 4.333e-08  9.144e+11 1.560e-08  8.508e+12 7.040e-10  9.059e+00 0.102 -0.995 1.053 2.129e+02
48  1.774e+11 6.768e-08  1.854e+11 6.019e-08  5.813e+11 1.231e-08  8.004e+00 0.993 0.121 2.334 3.845e+02
49  9.976e+10 2.333e-07  1.101e+11 1.991e-07  3.254e+11 4.420e-08  1.002e+01 0.960 -0.083 2.430 4.344e+02
50  1.905e+12 4.824e-08  1.742e+12 4.715e-08  2.195e+12 3.420e-08  5.983e+00 0.823 -0.298 4.589 2.434e+02
51  2.845e+10 3.698e-07  5.259e+10 1.924e-07  1.524e+12 1.794e-09  6.647e+00 0.904 -0.320 6.124 5.472e+01
52  7.901e+11 3.814e-08  8.177e+11 3.410e-08  2.432e+12 7.503e-09  7.671e+00 0.668 -0.743 1.414 2.029e+02
53  1.001e+10 4.464e-07  2.012e+10 4.646e-09  4.471e+11 6.260e-11  5.226e+00 0.269 -0.879 2.167 2.485e+02
54  7.569e+11 4.585e-08  6.535e+11 4.669e-08  6.778e+11 4.439e-08  1.216e+01 0.881 0.191 3.468 5.125e+02
55  5.803e+11 4.703e-08  6.437e+11 3.973e-08  1.170e+12 1.732e-08  5.918e+00 0.748 -0.471 4.594 2.410e+02
56  1.522e+12 4.336e-08  1.653e+12 3.729e-08  7.740e+12 4.368e-09  6.047e+00 0.519 -0.805 1.782 2.450e+02
57  3.237e+11 6.059e-08  3.092e+11 5.756e-08  4.411e+11 3.514e-08  1.050e+01 0.908 -0.291 1.111 1.052e+02
58  6.986e+11 7.736e-08  6.989e+11 7.090e-08  1.407e+12 2.683e-08  7.054e+00 0.808 0.568 3.984 3.355e+02
59  2.401e+11 8.447e-08  2.752e+11 6.963e-08  3.285e+11 5.446e-08  6.700e+00 0.877 -0.404 5.300 1.320e+02
60  2.954e+11 1.086e-07  2.834e+11 1.029e-07  3.854e+11 6.711e-08  1.079e+01 0.907 -0.261 4.351 3.246e+02
61  7.471e+11 4.492e-08  7.013e+11 4.317e-08  1.474e+14 2.568e-11  8.883e+00 0.819 -0.563 3.364 4.302e+02
62  1.444e+12 3.392e-08  1.827e+12 2.562e-08  1.073e+13 2.191e-09  5.058e+00 0.394 0.236 5.837 1.748e+02
63  1.970e+11 5.361e-08  2.319e+11 4.326e-08  2.620e+11 3.652e-08  7.408e+00 0.843 0.529 5.013 1.725e+02
64  1.023e+11 2.389e-07  1.130e+11 2.037e-07  1.315e+11 1.651e-07  9.584e+00 0.971 -0.091 3.559 4.700e+02
65  4.706e+11 9.805e-08  3.905e+11 1.026e-07  3.994e+11 9.942e-08  5.151e+01 0.320 -0.584 3.927 4.782e+02
66  4.920e+11 4.764e-08  4.556e+11 4.623e-08  6.656e+11 2.731e-08  8.554e+00 0.964 0.251 3.408 4.552e+02
67  4.395e+11 7.819e-08  4.020e+11 7.655e-08  4.596e+11 6.357e-08  8.784e+00 0.992 0.035 3.974 3.949e+02
68  8.622e+10 2.959e-07  9.545e+10 2.521e-07  2.696e+11 5.959e-08  1.225e+01 0.893 0.051 3.172 5.346e+02
69  1.232e+12 3.729e-08  1.032e+12 3.871e-08  1.174e+12 3.238e-08  8.536e+00 0.996 -0.028 1.618 2.374e+02
70  7.517e+11 5.214e-08  8.781e+11 4.246e-08  2.111e+12 1.256e-08  8.745e+00 0.435 -0.899 5.242 1.707e+02
71  1.781e+11 7.699e-08  2.003e+11 6.455e-08  2.563e+11 4.583e-08  6.883e+00 0.962 0.145 5.568 8.176e+01
72  7.253e+11 3.621e-08  8.390e+11 2.954e-08  2.532e+12 6.372e-09  5.621e+00 0.642 0.540 2.840 3.248e+02
73  6.148e+10 6.718e-08  7.972e+10 5.013e-08  1.452e+11 2.181e-08  8.941e+00 0.926 -0.354 2.796 4.501e+02
74  1.484e+12 4.287e-08  2.942e+12 2.091e-08  2.432e+13 1.113e-09  5.211e+00 0.118 -0.977 2.057 2.342e+02
75  1.703e+10 5.744e-07  4.052e+10 2.137e-07  7.653e+10 8.835e-08  7.939e+00 0.729 0.685 4.197 3.082e+02
76  1.809e+11 5.615e-08  2.535e+11 3.883e-08  4.826e+11 1.588e-08  7.530e+00 0.627 -0.777 4.998 1.876e+02
77  4.482e+11 4.709e-08  4.835e+11 4.070e-08  1.499e+13 3.454e-10  5.998e+00 0.860 0.114 3.147 3.743e+02
78  3.970e+12 3.916e-08  3.395e+12 4.011e-08  3.919e+12 3.286e-08  8.492e+00 0.669 -0.741 4.200 3.062e+02
79  2.044e+12 3.975e-08  2.349e+12 3.292e-08  1.064e+13 4.040e-09  9.774e+00 0.232 -0.971 0.161 1.619e+02
80  8.811e+10 6.023e-08  1.351e+11 3.807e-08  3.006e+11 1.254e-08  6.532e+00 0.790 -0.547 1.241 1.778e+02
81  1.023e+12 3.776e-08  8.890e+11 3.827e-08  3.042e+12 6.932e-09  9.641e+00 0.902 -0.375 2.390 4.083e+02
82  8.212e+11 4.000e-08  8.156e+11 3.699e-08  8.726e+11 3.368e-08  1.251e+01 0.502 0.824 3.491 3.921e+02
83  1.185e+12 5.242e-08  1.171e+12 4.845e-08  2.092e+12 2.163e-08  6.041e+00 0.763 0.488 2.153 2.989e+02
84  1.035e+12 5.750e-08  1.049e+12 5.220e-08  1.372e+12 3.597e-08  7.326e+00 0.657 -0.748 2.633 3.475e+02
85  1.749e+12 4.179e-08  1.446e+12 4.378e-08  2.741e+12 1.800e-08  1.143e+01 0.855 -0.369 3.098 5.032e+02
86  7.547e+11 4.852e-08  6.223e+11 5.096e-08  6.501e+11 4.797e-08  2.821e+01 0.551 -0.257 6.200 1.602e+02
87  2.481e+11 5.720e-08  2.421e+11 5.351e-08  3.261e+11 3.538e-08  8.906e+00 0.989 0.052 3.886 4.123e+02
88  2.311e+11 5.131e-08  3.480e+11 3.379e-08  1.710e+12 3.704e-09  1.487e+01 0.246 0.954 5.104 1.874e+02
89  3.143e+12 3.122e-08  2.572e+12 3.290e-08  2.745e+12 3.006e-08  9.945e+00 0.818 0.531 2.691 4.357e+02
90  6.826e+11 4.534e-08  5.965e+11 4.583e-08  6.011e+11 4.535e-08  1.490e+01 0.758 -0.373 1.460 1.915e+02
91  5.327e+10 2.581e-07  7.683e+10 1.746e-07  1.441e+11 7.290e-08  6.886e+00 0.961 -0.153 0.843 9.902e+01
92  1.043e+12 3.397e-08  8.871e+11 3.495e-08  8.943e+11 3.456e-08  1.449e+01 0.753 0.416 2.371 4.431e+02
93  5.577e+12 3.294e-08  4.373e+12 3.569e-08  4.382e+12 3.559e-08  2.581e+01 0.389 -0.763 4.575 2.609e+02
94  7.161e+11 4.398e-08  6.788e+11 4.195e-08  9.999e+11 2.450e-08  7.972e+00 0.859 0.511 3.490 4.118e+02
95  1.110e+12 5.168e-08  1.376e+12 4.033e-08  4.139e+12 8.742e-09  1.188e+01 0.210 -0.973 0.859 1.799e+02
96  1.550e+12 3.539e-08  1.525e+12 3.288e-08  2.036e+12 2.201e-08  8.212e+00 0.561 -0.827 1.406 2.042e+02
97  1.607e+12 3.501e-08  1.433e+12 3.487e-08  1.711e+12 2.726e-08  8.590e+00 0.769 0.635 2.967 4.135e+02
98  8.785e+11 3.939e-08  7.771e+11 3.943e-08  8.349e+11 3.570e-08  7.730e+00 0.976 -0.210 5.325 1.007e+02
99  3.213e+11 4.748e-08  4.260e+11 3.437e-08  1.374e+12 6.757e-09  5.611e+00 0.673 0.463 2.727 3.252e+02
100  5.950e+11 4.286e-08  4.865e+11 4.526e-08  4.883e+11 4.503e-08  3.620e+01 0.490 -0.007 2.588 5.824e+02
101  1.013e+11 2.179e-07  1.296e+11 1.645e-07  2.154e+11 8.126e-08  1.053e+01 0.726 -0.643 3.366 4.387e+02
102  1.571e+12 4.900e-08  1.347e+12 5.012e-08  1.520e+12 4.239e-08  1.102e+01 0.769 0.566 2.224 3.726e+02
103  6.362e+11 6.228e-08  6.225e+11 5.808e-08  1.030e+12 2.886e-08  8.553e+00 0.786 -0.614 2.759 4.057e+02
104  5.860e+11 5.470e-08  6.581e+11 4.605e-08  5.064e+12 2.707e-09  1.057e+01 0.463 -0.872 3.295 3.640e+02
105  6.825e+09 4.700e-07  2.273e+10 8.491e-08  2.403e+11 3.211e-09  5.818e+00 0.820 0.093 5.768 1.067e+02
106  6.873e+11 4.313e-08  5.560e+11 4.585e-08  5.560e+11 4.585e-08  3.794e+01 0.474 -0.108 4.754 2.087e+02
107  2.181e+10 3.946e-07  2.799e+10 2.997e-07  2.830e+10 2.951e-07  5.550e+01 0.232 -0.788 2.476 4.406e+02
108  5.561e+09 8.239e-07  1.832e+10 1.864e-07  2.518e+10 1.198e-07  1.766e+01 0.381 0.860 2.294 3.465e+02
109  1.601e+11 6.021e-08  1.790e+11 5.078e-08  5.315e+11 1.120e-08  9.383e+00 0.859 -0.481 4.088 3.614e+02
110  1.663e+11 6.068e-08  5.266e+11 1.553e-08  1.074e+13 2.357e-10  8.823e+00 0.120 -0.993 2.989 2.561e+02
111  2.569e+12 3.208e-08  2.788e+12 2.758e-08  4.823e+13 5.262e-10  5.240e+00 0.447 -0.625 2.748 2.879e+02
112  1.834e+12 4.009e-08  1.587e+12 4.072e-08  1.500e+13 1.799e-09  7.106e+00 0.910 -0.379 1.180 1.549e+02
113  3.336e+11 4.625e-08  3.338e+11 4.243e-08  4.797e+11 2.564e-08  7.369e+00 0.966 0.228 1.962 3.043e+02
114  2.980e+11 4.662e-08  4.976e+11 2.729e-08  8.017e+12 5.747e-10  8.339e+00 0.315 0.949 3.381 2.996e+02
115  1.627e+12 3.537e-08  1.534e+12 3.382e-08  2.367e+12 1.852e-08  6.074e+00 0.781 -0.462 1.424 2.061e+02
116  2.576e+09 8.984e-07  9.656e+09 1.133e-07  2.190e+10 3.634e-08  8.617e+00 0.767 0.637 5.986 4.397e+01
117  1.464e+12 5.186e-08  1.198e+12 5.470e-08  1.604e+12 3.647e-08  1.597e+01 0.758 0.275 3.162 5.576e+02
118  1.811e+11 1.038e-07  2.187e+11 8.314e-08  3.250e+11 4.795e-08  3.030e+01 0.203 -0.928 3.917 3.341e+02
119  6.021e+10 7.079e-08  7.665e+10 5.372e-08  1.120e+11 3.171e-08  8.527e+00 0.969 0.233 3.807 4.133e+02
120  3.452e+11 6.485e-08  3.952e+11 5.345e-08  1.728e+12 6.889e-09  6.280e+00 0.812 -0.458 3.878 3.349e+02
121  1.545e+11 5.614e-08  1.875e+11 4.416e-08  2.913e+11 2.395e-08  6.911e+00 0.896 -0.390 3.822 3.650e+02
122  5.713e+11 4.703e-08  5.186e+11 4.627e-08  6.296e+11 3.535e-08  8.712e+00 0.966 -0.235 2.458 4.140e+02
123  6.643e+11 5.111e-08  7.407e+11 4.307e-08  2.426e+12 8.291e-09  6.991e+00 0.627 -0.768 4.186 2.895e+02
124  1.095e+12 5.505e-08  1.072e+12 5.121e-08  1.307e+12 3.890e-08  5.985e+00 0.807 0.353 0.405 9.826e+01
125  2.714e+11 4.184e-08  2.537e+11 4.046e-08  2.578e+11 3.956e-08  2.359e+01 0.543 0.516 1.266 1.267e+02
126  2.953e+09 8.318e-07  8.402e+09 2.431e-07  1.023e+10 1.849e-07  1.438e+01 0.735 0.466 2.557 4.708e+02
127  5.807e+11 6.022e-08  6.735e+11 4.903e-08  1.331e+12 1.903e-08  5.734e+00 0.690 0.505 4.568 2.424e+02
128  9.359e+11 4.211e-08  8.197e+11 4.247e-08  1.122e+12 2.747e-08  1.139e+01 0.818 -0.460 3.243 4.892e+02
129  2.869e+12 4.349e-08  2.376e+12 4.546e-08  2.716e+12 3.775e-08  7.075e+00 0.943 -0.278 4.118 3.339e+02
130  5.128e+11 4.552e-08  4.639e+11 4.490e-08  9.074e+11 1.769e-08  8.315e+00 0.997 -0.055 4.002 3.820e+02
131  2.540e+12 3.122e-08  2.486e+12 2.904e-08  1.442e+13 2.528e-09  5.335e+00 0.631 0.089 3.472 3.171e+02
132  3.321e+11 5.432e-08  4.427e+11 3.912e-08  1.355e+12 8.269e-09  5.533e+00 0.663 -0.416 0.863 1.576e+02
133  1.987e+11 5.649e-08  2.597e+11 4.206e-08  3.258e+11 3.070e-08  1.352e+01 0.416 0.874 2.593 3.600e+02
134  2.820e+11 8.892e-08  2.696e+11 8.443e-08  2.769e+11 8.135e-08  9.918e+00 0.962 0.092 1.565 2.245e+02
135  1.497e+12 4.394e-08  1.421e+12 4.192e-08  1.674e+12 3.339e-08  9.546e+00 0.576 0.807 2.707 3.691e+02
136  2.996e+12 2.807e-08  3.158e+12 2.473e-08  1.080e+13 4.482e-09  5.963e+00 0.412 -0.877 1.275 2.054e+02
137  2.052e+11 6.493e-08  2.485e+11 5.109e-08  4.094e+11 2.553e-08  6.106e+00 0.882 -0.097 1.749 2.535e+02
138  2.358e+12 3.160e-08  1.985e+12 3.269e-08  6.568e+12 6.202e-09  7.141e+00 0.932 -0.323 4.695 2.293e+02
139  2.031e+11 1.092e-07  3.167e+11 6.740e-08  2.668e+12 3.493e-09  5.512e+00 0.616 -0.519 1.316 2.015e+02
140  1.243e+11 5.314e-08  1.849e+11 3.463e-08  6.845e+11 5.624e-09  6.917e+00 0.700 0.695 2.531 3.406e+02
141  5.403e+11 4.306e-08  4.320e+11 4.611e-08  4.320e+11 4.610e-08  5.866e+01 0.340 0.352 2.351 5.195e+02
142  7.770e+11 5.454e-08  7.327e+11 5.230e-08  7.421e+11 5.138e-08  1.092e+01 0.691 -0.674 4.804 2.064e+02
143  1.032e+12 4.741e-08  1.037e+12 4.327e-08  2.462e+12 1.302e-08  6.133e+00 0.758 0.526 3.332 3.574e+02
144  9.998e+11 5.302e-08  8.548e+11 5.441e-08  8.940e+11 5.113e-08  2.196e+01 0.513 -0.630 3.385 5.118e+02
145  7.850e+11 5.694e-08  8.912e+11 4.756e-08  1.994e+12 1.554e-08  1.076e+01 0.380 -0.915 0.461 1.216e+02
146  5.461e+11 4.107e-08  6.011e+11 3.493e-08  7.746e+11 2.456e-08  6.231e+00 0.754 0.554 1.028 1.561e+02
147  5.956e+11 5.705e-08  5.812e+11 5.326e-08  1.127e+12 2.123e-08  6.597e+00 0.927 -0.221 5.899 6.250e+01
148  8.617e+11 4.356e-08  1.066e+12 3.380e-08  4.795e+12 4.185e-09  7.840e+00 0.381 -0.924 3.936 2.865e+02
149  4.363e+11 5.162e-08  3.872e+11 5.166e-08  3.891e+11 5.131e-08  1.674e+01 0.758 0.166 1.745 2.858e+02
150  1.051e+12 5.312e-08  8.641e+11 5.588e-08  8.660e+11 5.571e-08  1.915e+01 0.714 0.039 2.769 5.661e+02
151  4.992e+12 3.674e-08  4.390e+12 3.691e-08  5.642e+12 2.605e-08  6.634e+00 0.632 0.749 4.212 2.840e+02
152  8.815e+11 4.373e-08  8.358e+11 4.167e-08  8.948e+11 3.791e-08  6.563e+00 0.893 0.332 2.179 3.226e+02
153  3.547e+11 4.319e-08  3.421e+11 4.072e-08  3.551e+11 3.867e-08  8.830e+00 0.945 -0.302 2.264 3.795e+02
154  1.065e+10 4.616e-07  1.953e+10 2.464e-07  2.249e+10 2.026e-07  1.235e+01 0.854 0.287 2.844 5.103e+02
155  7.608e+11 5.190e-08  7.897e+11 4.624e-08  1.732e+12 1.554e-08  6.566e+00 0.745 -0.617 5.420 1.343e+02
156  1.238e+12 4.378e-08  1.030e+12 4.567e-08  1.041e+12 4.500e-08  1.083e+01 0.939 -0.027 2.315 4.222e+02
157  3.357e+11 6.533e-08  7.689e+11 2.586e-08  1.077e+13 6.616e-10  5.938e+00 0.212 -0.969 4.287 2.409e+02
158  6.964e+11 6.115e-08  7.102e+11 5.521e-08  8.694e+11 4.169e-08  6.321e+00 0.821 -0.450 2.765 3.650e+02
159  1.366e+12 4.726e-08  1.125e+12 4.965e-08  1.167e+12 4.715e-08  1.371e+01 0.837 0.179 3.372 5.376e+02
160  9.904e+11 4.177e-08  8.203e+11 4.374e-08  8.210e+11 4.369e-08  2.093e+01 0.647 0.308 3.982 4.638e+02
161  1.758e+11 6.263e-08  1.901e+11 5.423e-08  4.852e+11 1.475e-08  7.654e+00 0.973 -0.220 1.462 2.027e+02
162  1.098e+12 6.778e-08  9.677e+11 6.801e-08  1.956e+13 1.045e-09  7.416e+00 0.957 -0.268 2.733 4.142e+02
163  3.192e+09 1.239e-06  5.690e+08 8.494e-10  2.731e+11 1.604e-13  5.331e+00 0.292 0.887 4.859 2.195e+02
164  1.401e+12 3.542e-08  2.293e+12 2.099e-08  5.759e+13 2.386e-10  4.943e+00 0.208 -0.090 2.170 2.425e+02
165  3.370e+11 4.454e-08  3.273e+11 4.179e-08  4.403e+11 2.768e-08  8.052e+00 0.977 -0.213 2.794 4.395e+02
166  1.020e+12 4.562e-08  1.300e+12 3.442e-08  2.241e+13 6.596e-10  6.728e+00 0.367 0.924 3.718 2.858e+02
167  9.864e+11 4.965e-08  1.173e+12 3.957e-08  9.943e+12 2.033e-09  5.377e+00 0.539 -0.571 0.332 1.476e+02
168  7.789e+11 5.540e-08  1.083e+12 3.893e-08  6.908e+12 2.970e-09  8.814e+00 0.261 -0.965 3.654 2.837e+02
169  2.128e+12 4.320e-08  1.859e+12 4.358e-08  9.744e+12 4.366e-09  6.571e+00 0.879 0.373 3.700 3.674e+02
170  5.194e+11 4.469e-08  6.182e+11 3.559e-08  2.398e+12 5.415e-09  5.525e+00 0.697 0.278 2.693 3.255e+02
171  8.607e+11 5.643e-08  8.433e+11 5.253e-08  9.991e+11 4.151e-08  7.313e+00 0.779 0.619 1.221 1.697e+02
172  7.863e+11 5.470e-08  8.151e+11 4.877e-08  9.939e+11 3.703e-08  6.365e+00 0.753 -0.580 1.011 1.526e+02
173  9.901e+11 4.084e-08  9.879e+11 3.758e-08  8.800e+12 1.803e-09  9.610e+00 0.573 0.809 2.685 3.677e+02
174  1.242e+12 3.758e-08  1.270e+12 3.402e-08  1.524e+12 2.640e-08  1.120e+01 0.411 0.896 2.479 3.293e+02
175  3.819e+11 5.674e-08  5.292e+11 3.952e-08  1.238e+13 4.958e-10  6.218e+00 0.530 -0.810 0.432 1.397e+02
176  1.285e+12 3.419e-08  1.066e+12 3.573e-08  1.076e+12 3.525e-08  1.103e+01 0.931 0.053 1.835 3.023e+02
177  2.480e+11 6.834e-08  2.401e+11 6.432e-08  2.544e+11 5.934e-08  1.108e+01 0.918 0.165 2.480 4.543e+02
178  1.148e+11 7.030e-08  1.274e+11 5.973e-08  1.372e+11 5.387e-08  8.322e+00 0.991 0.125 2.012 3.274e+02
179  3.358e+11 5.644e-08  3.138e+11 5.446e-08  7.922e+11 1.505e-08  1.003e+01 0.963 0.000 3.191 5.021e+02
180  6.574e+10 7.604e-08  1.945e+11 1.752e-08  9.257e+12 8.195e-11  5.043e+00 0.381 -0.161 5.676 1.810e+02
181  3.945e+11 4.791e-08  3.864e+11 4.465e-08  1.977e+12 4.625e-09  7.125e+00 0.976 -0.127 4.148 3.335e+02
182  2.253e+12 3.824e-08  2.442e+12 3.310e-08  5.949e+12 9.608e-09  8.699e+00 0.308 -0.951 1.271 2.032e+02
183  8.752e+10 5.717e-08  2.176e+11 2.263e-08  9.805e+11 2.798e-09  2.858e+01 0.056 -0.995 3.820 2.572e+02
184  9.807e+10 6.607e-08  1.445e+11 4.348e-08  7.393e+11 4.503e-09  6.557e+00 0.804 0.528 3.266 3.768e+02
185  4.154e+11 8.277e-08  4.641e+11 6.961e-08  1.365e+12 1.556e-08  6.664e+00 0.773 0.588 2.730 3.622e+02
186  2.295e+11 5.337e-08  3.786e+11 3.112e-08  1.936e+13 1.317e-10  5.943e+00 0.498 -0.812 2.895 3.085e+02
187  2.287e+12 4.503e-08  1.842e+12 4.795e-08  1.876e+12 4.677e-08  1.179e+01 0.880 0.252 4.863 1.820e+02
188  6.288e+08 2.345e-06  1.994e+09 4.990e-08  7.319e+09 8.197e-09  7.142e+00 0.873 -0.463 4.324 2.942e+02
189  1.717e+12 3.904e-08  1.581e+12 3.797e-08  1.248e+13 2.155e-09  6.188e+00 0.817 -0.418 3.586 3.575e+02
190  1.422e+12 4.665e-08  2.411e+12 2.699e-08  8.708e+13 1.853e-10  6.082e+00 0.153 -0.985 3.892 2.456e+02
191  3.367e+11 5.781e-08  3.417e+11 5.255e-08  3.589e+11 4.907e-08  1.037e+01 0.781 0.573 4.268 3.254e+02
192  2.814e+12 3.302e-08  2.402e+12 3.384e-08  2.461e+12 3.272e-08  7.265e+00 0.837 0.533 0.851 1.103e+02
193  9.857e+11 4.819e-08  9.349e+11 4.593e-08  1.019e+12 4.077e-08  7.275e+00 0.818 -0.563 3.990 3.396e+02
194  2.262e+11 5.527e-08  2.633e+11 4.520e-08  2.789e+11 4.172e-08  1.103e+01 0.621 0.746 4.907 1.884e+02
195  1.461e+12 3.877e-08  1.560e+12 3.378e-08  4.718e+12 7.262e-09  6.009e+00 0.559 -0.765 1.773 2.454e+02
196  9.663e+11 5.772e-08  8.022e+11 6.036e-08  1.065e+12 4.074e-08  2.401e+01 0.565 -0.436 2.481 5.014e+02
197  5.597e+12 2.839e-08  4.320e+12 3.103e-08  4.380e+12 3.043e-08  9.356e+00 0.977 0.082 4.014 3.949e+02
198  8.578e+11 4.407e-08  1.353e+12 2.698e-08  3.823e+13 2.604e-10  5.057e+00 0.304 0.659 5.155 2.072e+02
199  3.885e+11 5.283e-08  3.679e+11 5.048e-08  4.999e+11 3.298e-08  9.559e+00 0.926 0.313 2.870 4.708e+02
200  1.674e+12 3.430e-08  1.457e+12 3.471e-08  1.561e+12 3.155e-08  8.731e+00 0.822 -0.561 2.894 4.264e+02
201  3.876e+12 3.223e-08  3.165e+12 3.402e-08  3.244e+12 3.287e-08  9.791e+00 0.781 0.592 2.860 4.367e+02
202  4.745e+11 5.033e-08  4.237e+11 5.016e-08  4.249e+11 4.996e-08  1.692e+01 0.713 0.360 4.419 3.208e+02
203  1.783e+11 5.091e-08  1.886e+11 4.485e-08  2.310e+11 3.384e-08  7.578e+00 0.994 -0.077 2.722 4.246e+02
204  9.522e+11 6.647e-08  1.021e+12 5.777e-08  7.706e+12 3.489e-09  6.882e+00 0.604 0.783 3.356 3.432e+02
205  4.675e+11 5.521e-08  4.433e+11 5.283e-08  4.560e+11 5.080e-08  1.785e+01 0.543 0.683 1.687 2.562e+02
206  1.334e+12 5.488e-08  1.125e+12 5.672e-08  1.146e+12 5.532e-08  1.004e+01 0.911 -0.322 4.106 3.753e+02
207  2.763e+11 7.170e-08  2.715e+11 6.671e-08  5.613e+11 2.433e-08  8.700e+00 0.970 0.217 3.274 4.670e+02
208  9.905e+11 4.527e-08  1.311e+12 3.282e-08  2.217e+13 6.461e-10  5.108e+00 0.426 0.386 3.396 2.861e+02
209  1.670e+12 3.684e-08  1.480e+12 3.691e-08  1.501e+12 3.619e-08  1.430e+01 0.521 0.781 1.815 2.761e+02
210  2.011e+11 6.039e-08  2.242e+11 5.109e-08  2.800e+11 3.752e-08  1.083e+01 0.727 -0.633 4.159 3.438e+02
211  3.043e+12 3.316e-08  2.537e+12 3.455e-08  2.554e+12 3.423e-08  1.158e+01 0.673 0.677 1.504 2.112e+02
212  5.743e+11 5.069e-08  5.800e+11 4.614e-08  8.191e+11 2.856e-08  7.024e+00 0.843 -0.510 3.476 3.875e+02
213  3.804e+11 4.960e-08  6.155e+11 2.945e-08  3.271e+12 2.894e-09  5.290e+00 0.438 0.692 4.399 2.464e+02
214  1.606e+11 5.744e-08  1.979e+11 4.502e-08  7.409e+11 7.198e-09  1.640e+01 0.435 0.829 4.264 3.104e+02
215  4.614e+11 6.960e-08  4.887e+11 6.149e-08  5.438e+11 5.301e-08  1.636e+01 0.403 0.855 3.855 3.624e+02
216  8.137e+10 7.851e-08  1.262e+11 4.920e-08  3.014e+11 1.469e-08  7.582e+00 0.727 0.685 0.522 8.810e+01
217  1.009e+12 4.631e-08  8.454e+11 4.811e-08  8.951e+11 4.444e-08  1.469e+01 0.807 -0.193 2.617 5.100e+02
218  1.193e+11 7.857e-08  1.530e+11 5.912e-08  1.699e+11 5.114e-08  9.731e+00 0.721 0.670 3.764 3.894e+02
219  3.320e+11 9.290e-08  3.480e+11 8.244e-08  4.536e+11 5.705e-08  1.075e+01 0.704 0.664 3.795 3.974e+02
220  1.423e+11 6.210e-08  5.271e+11 9.086e-09  3.465e+13 2.713e-11  5.175e+00 0.154 -0.956 5.734 2.066e+02
221  6.706e+11 4.700e-08  6.787e+11 4.271e-08  5.110e+14 4.317e-12  7.253e+00 0.782 0.612 3.119 3.898e+02
222  1.798e+12 5.419e-08  1.467e+12 5.721e-08  1.491e+12 5.596e-08  8.998e+00 0.988 0.006 5.161 1.150e+02
223  2.029e+12 4.865e-08  1.809e+12 4.846e-08  1.926e+13 1.815e-09  9.323e+00 0.667 -0.733 3.327 4.017e+02
224  5.803e+11 4.663e-08  5.081e+11 4.707e-08  5.109e+11 4.671e-08  1.452e+01 0.808 0.214 4.572 2.716e+02
225  4.079e+11 5.923e-08  3.805e+11 5.720e-08  2.374e+12 4.498e-09  8.591e+00 0.983 0.159 2.944 4.646e+02
226  6.570e+11 5.455e-08  5.780e+11 5.484e-08  6.295e+11 4.871e-08  8.993e+00 0.987 -0.047 4.351 3.162e+02
227  6.257e+11 4.840e-08  5.722e+11 4.737e-08  8.935e+12 1.042e-09  7.336e+00 0.989 -0.072 2.936 4.311e+02
228  2.853e+11 5.027e-08  2.883e+11 4.591e-08  1.003e+12 8.123e-09  1.397e+01 0.669 -0.608 2.740 4.657e+02
229  1.035e+12 5.031e-08  8.564e+11 5.270e-08  8.569e+11 5.266e-08  1.724e+01 0.755 -0.070 1.693 2.690e+02
230  1.745e+10 5.763e-07  4.664e+10 1.728e-07  9.384e+10 6.543e-08  6.489e+00 0.713 0.651 3.930 3.201e+02
231  1.523e+12 4.446e-08  1.615e+12 3.902e-08  1.998e+12 2.904e-08  7.203e+00 0.487 0.870 4.582 2.391e+02
232  4.572e+11 4.131e-08  4.085e+11 4.114e-08  4.124e+11 4.060e-08  1.401e+01 0.831 -0.159 2.418 4.688e+02
233  1.351e+12 3.940e-08  1.129e+12 4.097e-08  1.253e+12 3.547e-08  9.166e+00 0.972 -0.163 1.800 2.842e+02
234  3.912e+11 9.483e-08  3.700e+11 9.068e-08  4.080e+11 7.915e-08  8.327e+00 0.979 -0.196 4.148 3.518e+02
235  3.857e+11 5.699e-08  3.967e+11 5.126e-08  1.103e+13 5.058e-10  9.616e+00 0.758 -0.628 2.525 3.967e+02
236  3.820e+11 5.466e-08  1.536e+12 8.657e-09  6.535e+13 4.733e-11  5.130e+00 0.075 -0.988 4.248 2.309e+02
237  7.562e+11 5.508e-08  6.768e+11 5.474e-08  8.031e+11 4.316e-08  1.053e+01 0.852 0.439 3.549 4.610e+02
238  4.658e+11 4.747e-08  4.224e+11 4.676e-08  4.663e+11 4.075e-08  9.358e+00 0.980 0.044 2.519 4.399e+02
239  2.467e+12 3.277e-08  2.357e+12 3.103e-08  1.133e+13 3.505e-09  5.520e+00 0.679 -0.349 1.327 2.001e+02
240  2.034e+12 3.790e-08  1.716e+12 3.917e-08  1.828e+12 3.590e-08  9.978e+00 0.809 0.543 2.757 4.403e+02
241  2.336e+10 2.976e-07  3.466e+10 1.973e-07  4.958e+11 4.901e-09  1.001e+01 0.962 0.056 3.182 5.013e+02
242  6.544e+11 4.742e-08  5.931e+11 4.673e-08  6.621e+11 4.011e-08  1.091e+01 0.836 -0.450 3.273 4.836e+02
243  5.437e+11 4.955e-08  5.208e+11 4.692e-08  5.880e+11 3.964e-08  7.666e+00 0.922 -0.383 1.936 2.989e+02
244  1.552e+12 4.476e-08  1.364e+12 4.507e-08  1.400e+12 4.349e-08  1.384e+01 0.575 0.734 5.145 1.330e+02
245  9.075e+11 5.478e-08  8.920e+11 5.085e-08  1.180e+12 3.447e-08  6.749e+00 0.795 0.564 1.738 2.518e+02
246  3.973e+11 4.774e-08  6.317e+11 2.921e-08  3.069e+12 3.251e-09  6.953e+00 0.353 -0.932 1.488 2.201e+02
247  3.399e+11 5.275e-08  3.801e+11 4.435e-08  7.211e+11 1.822e-08  6.903e+00 0.810 0.555 3.835 3.501e+02
248  3.009e+11 5.607e-08  3.340e+11 4.765e-08  3.759e+11 4.044e-08  1.183e+01 0.584 0.766 5.201 1.343e+02
249  2.000e+11 4.932e-08  2.551e+11 3.727e-08  3.738e+11 2.193e-08  9.295e+00 0.615 -0.780 2.844 3.829e+02
250  4.065e+11 4.187e-08  3.927e+11 3.942e-08  4.135e+11 3.670e-08  8.384e+00 0.934 0.351 2.381 3.896e+02
251  1.635e+10 5.197e-07  3.242e+10 2.510e-07  2.481e+11 1.487e-08  1.004e+01 0.781 0.584 3.108 4.503e+02
252  1.682e+10 4.066e-07  4.430e+10 1.269e-07  3.311e+11 7.768e-09  7.485e+00 0.670 0.740 4.350 2.774e+02
253  6.335e+11 4.103e-08  6.622e+11 3.640e-08  2.514e+12 5.706e-09  7.579e+00 0.714 0.698 3.355 3.787e+02
254  1.446e+12 4.875e-08  1.182e+12 5.146e-08  1.186e+12 5.121e-08  1.491e+01 0.805 0.165 2.325 4.532e+02
255  4.350e+11 6.687e-08  4.917e+11 5.594e-08  8.487e+11 2.621e-08  9.804e+00 0.558 -0.818 2.712 3.685e+02
256  1.717e+11 6.709e-08  1.722e+11 6.157e-08  2.687e+11 3.320e-08  1.222e+01 0.890 0.114 2.976 5.286e+02
257  4.672e+10 1.027e-07  1.403e+11 2.259e-08  1.115e+13 5.186e-11  5.145e+00 0.436 -0.477 5.223 1.947e+02
258  5.202e+09 6.381e-07  1.385e+10 2.075e-07  4.223e+11 1.802e-09  8.557e+00 0.931 -0.356 3.137 4.555e+02
259  8.068e+11 4.578e-08  9.192e+11 3.792e-08  1.659e+12 1.670e-08  6.885e+00 0.550 -0.824 1.593 2.284e+02
260  4.114e+11 4.410e-08  4.000e+11 4.132e-08  8.489e+11 1.453e-08  7.069e+00 0.981 -0.042 2.985 4.238e+02
261  5.165e+10 7.917e-08  6.861e+10 5.793e-08  8.006e+10 4.676e-08  7.974e+00 0.983 -0.183 1.538 2.186e+02
262  1.284e+12 3.805e-08  1.250e+12 3.554e-08  1.649e+12 2.419e-08  5.813e+00 0.790 0.275 0.855 1.394e+02
263  2.172e+11 4.543e-08  1.984e+11 4.465e-08  1.994e+11 4.434e-08  3.588e+01 0.414 0.543 5.072 1.022e+02
264  1.257e+12 3.558e-08  1.246e+12 3.288e-08  7.476e+12 2.732e-09  9.018e+00 0.555 -0.827 1.337 1.926e+02
265  7.455e+11 4.713e-08  6.529e+11 4.756e-08  6.621e+11 4.664e-08  1.315e+01 0.799 -0.388 3.958 4.276e+02
266  8.118e+11 4.064e-08  7.283e+11 4.030e-08  9.778e+11 2.677e-08  8.162e+00 0.944 -0.327 2.248 3.654e+02
267  2.035e+11 5.424e-08  3.652e+11 2.858e-08  4.679e+12 8.272e-10  5.167e+00 0.504 0.218 5.941 1.560e+02
268  1.421e+11 9.867e-08  2.561e+11 5.289e-08  7.296e+11 1.236e-08  8.228e+00 0.411 -0.912 5.263 1.750e+02
269  2.281e+12 3.318e-08  1.924e+12 3.427e-08  2.551e+12 2.317e-08  7.219e+00 0.928 -0.342 3.538 4.045e+02
270  3.261e+11 4.682e-08  8.807e+11 1.468e-08  3.208e+14 4.066e-12  5.873e+00 0.157 -0.982 3.688 2.486e+02
271  9.682e+11 5.851e-08  8.729e+11 5.786e-08  1.001e+12 4.783e-08  1.042e+01 0.773 0.583 3.627 4.295e+02
272  9.040e+09 6.468e-07  2.542e+10 1.815e-07  4.879e+11 2.999e-09  7.372e+00 0.797 -0.596 6.190 5.701e+01
273  2.718e+12 4.372e-08  2.568e+12 4.191e-08  1.399e+13 3.981e-09  1.171e+01 0.366 0.916 4.805 2.148e+02
274  4.032e+11 4.448e-08  3.700e+11 4.352e-08  3.741e+11 4.286e-08  1.692e+01 0.683 0.450 4.036 4.227e+02
275  9.048e+11 4.536e-08  8.718e+11 4.276e-08  1.079e+12 3.180e-08  7.856e+00 0.768 0.640 4.675 2.325e+02
276  4.116e+11 5.557e-08  4.376e+11 4.862e-08  4.799e+12 1.746e-09  6.520e+00 0.870 0.386 2.323 3.377e+02
277  3.067e+11 7.766e-08  2.863e+11 7.514e-08  2.951e+11 7.205e-08  2.001e+01 0.612 -0.480 4.166 3.945e+02
278  3.024e+12 4.380e-08  2.405e+12 4.700e-08  2.435e+12 4.621e-08  1.093e+01 0.907 -0.245 3.538 4.864e+02
279  3.314e+09 8.202e-07  7.671e+09 3.324e-07  8.031e+09 3.119e-07  1.775e+01 0.744 0.056 4.058 4.433e+02
280  2.029e+11 6.468e-08  2.638e+11 4.782e-08  3.289e+11 3.521e-08  6.709e+00 0.744 0.632 4.204 2.961e+02
281  4.167e+09 6.787e-07  2.074e+09 1.331e-09  1.177e+11 4.879e-12  5.074e+00 0.317 -0.666 4.204 2.483e+02
282  1.223e+09 2.419e-06  5.273e+09 2.366e-07  1.447e+10 5.826e-08  7.084e+00 0.977 0.104 2.242 3.504e+02
283  2.946e+09 7.740e-07  5.487e+09 4.112e-07  5.568e+09 4.029e-07  4.247e+01 0.415 -0.354 2.283 4.880e+02
284  2.069e+11 5.855e-08  2.969e+11 4.022e-08  6.079e+11 1.486e-08  1.422e+01 0.310 -0.929 2.844 3.430e+02
285  1.483e+11 6.505e-08  1.601e+11 5.651e-08  1.084e+12 3.967e-09  1.265e+01 0.776 0.475 3.067 5.013e+02
286  9.175e+11 5.271e-08  1.000e+12 4.529e-08  2.470e+12 1.290e-08  7.748e+00 0.535 0.845 1.868 2.610e+02
287  3.192e+11 7.978e-08  3.129e+11 7.435e-08  3.241e+11 7.080e-08  7.514e+00 0.992 0.090 1.665 2.461e+02
288  1.909e+10 4.478e-07  3.093e+10 2.729e-07  5.039e+10 1.386e-07  8.803e+00 0.984 0.130 4.826 1.978e+02
289  6.253e+11 4.084e-08  6.107e+11 3.812e-08  6.838e+11 3.258e-08  7.792e+00 0.840 -0.542 4.615 2.443e+02
290  1.129e+12 4.432e-08  1.037e+12 4.326e-08  1.105e+12 3.956e-08  8.690e+00 0.777 -0.624 3.548 4.045e+02
291  7.139e+11 4.293e-08  6.217e+11 4.346e-08  9.277e+11 2.493e-08  1.034e+01 0.946 -0.124 2.735 4.829e+02
292  6.833e+11 4.871e-08  7.499e+11 4.154e-08  5.638e+12 2.521e-09  6.348e+00 0.689 -0.665 6.084 1.023e+02
293  8.109e+11 4.294e-08  8.183e+11 3.922e-08  1.039e+12 2.816e-08  1.091e+01 0.540 0.817 1.631 2.362e+02
294  3.295e+11 6.132e-08  5.899e+11 3.279e-08  1.271e+14 1.884e-11  6.026e+00 0.347 -0.917 4.927 2.132e+02
295  3.169e+12 3.682e-08  2.589e+12 3.887e-08  2.628e+12 3.808e-08  1.270e+01 0.696 -0.612 2.766 4.573e+02
296  2.588e+12 3.188e-08  2.334e+12 3.146e-08  4.181e+12 1.400e-08  5.917e+00 0.783 -0.382 1.490 2.153e+02
297  5.969e+09 8.327e-07  1.944e+10 1.690e-07  9.139e+10 1.969e-08  6.109e+00 0.872 -0.178 4.946 1.905e+02
298  1.166e+12 4.392e-08  9.945e+11 4.513e-08  1.021e+12 4.351e-08  1.785e+01 0.598 0.593 3.633 4.800e+02
299  3.870e+11 5.744e-08  3.738e+11 5.408e-08  3.992e+11 4.938e-08  7.452e+00 0.984 -0.145 4.167 3.358e+02
300  3.672e+11 5.504e-08  7.688e+11 2.417e-08  5.855e+13 5.884e-11  5.161e+00 0.272 0.847 2.892 2.648e+02
301  3.358e+12 3.181e-08  2.736e+12 3.368e-08  2.740e+12 3.360e-08  3.176e+01 0.265 0.866 4.639 2.410e+02
302  2.274e+12 3.350e-08  1.824e+12 3.577e-08  3.531e+12 1.429e-08  1.166e+01 0.905 0.128 3.031 5.234e+02
303  8.531e+11 4.438e-08  8.867e+11 3.946e-08  1.101e+12 2.919e-08  5.668e+00 0.778 -0.035 1.523 2.200e+02
304  3.380e+11 5.012e-08  5.072e+11 3.245e-08  2.450e+12 3.642e-09  7.000e+00 0.433 0.897 2.830 3.093e+02
305  2.541e+12 3.358e-08  2.223e+12 3.392e-08  2.931e+12 2.310e-08  1.293e+01 0.507 -0.814 2.678 3.905e+02
306  1.026e+12 6.330e-08  8.792e+11 6.475e-08  9.104e+11 6.169e-08  7.910e+00 0.998 0.069 4.117 3.538e+02
307  1.961e+12 3.827e-08  1.717e+12 3.855e-08  5.488e+12 7.679e-09  7.081e+00 0.860 -0.482 2.224 3.330e+02
308  9.203e+11 3.802e-08  8.638e+11 3.650e-08  1.875e+12 1.244e-08  6.722e+00 0.895 -0.365 4.541 2.556e+02
309  1.136e+11 8.070e-08  1.526e+11 5.798e-08  3.123e+11 2.145e-08  6.259e+00 0.893 0.195 3.492 3.773e+02
310  7.756e+11 5.890e-08  6.708e+11 5.989e-08  6.878e+11 5.785e-08  9.560e+00 0.975 -0.024 4.076 3.850e+02
311  2.134e+11 6.131e-08  2.544e+11 4.899e-08  4.506e+13 3.693e-11  7.974e+00 0.767 -0.641 2.809 3.928e+02
312  2.745e+11 1.136e-07  2.877e+11 1.007e-07  6.305e+11 3.386e-08  8.225e+00 0.891 -0.453 4.117 3.446e+02
313  9.048e+11 6.213e-08  8.349e+11 6.040e-08  1.034e+12 4.487e-08  7.607e+00 0.884 -0.462 3.674 3.934e+02
314  4.721e+11 5.094e-08  4.971e+11 4.490e-08  2.290e+12 5.381e-09  6.778e+00 0.833 0.505 2.187 3.202e+02
315  6.517e+10 5.743e-08  2.566e+11 5.799e-09  4.815e+12 9.878e-11  5.745e+00 0.184 -0.973 0.967 2.088e+02
316  2.786e+12 3.770e-08  2.453e+12 3.785e-08  7.537e+12 7.961e-09  7.432e+00 0.731 -0.678 2.845 3.760e+02
317  3.085e+11 6.481e-08  2.987e+11 6.095e-08  3.106e+11 5.774e-08  8.844e+00 0.966 -0.224 4.452 2.894e+02
318  7.923e+10 8.754e-08  1.842e+11 3.233e-08  2.956e+12 6.848e-10  5.219e+00 0.515 0.380 2.019 2.593e+02
319  2.588e+11 6.376e-08  2.892e+11 5.383e-08  3.066e+11 4.964e-08  1.037e+01 0.680 -0.701 1.752 2.624e+02
320  5.055e+11 4.339e-08  5.855e+11 3.563e-08  7.639e+11 2.462e-08  1.023e+01 0.469 -0.871 4.337 2.763e+02
321  2.189e+12 3.652e-08  1.873e+12 3.745e-08  2.170e+12 3.053e-08  1.566e+01 0.512 0.766 3.501 4.320e+02
322  1.884e+12 3.824e-08  1.543e+12 4.030e-08  1.896e+12 3.025e-08  1.132e+01 0.879 0.308 4.394 3.143e+02
323  8.473e+11 4.362e-08  8.487e+11 3.997e-08  9.045e+11 3.659e-08  7.973e+00 0.695 -0.719 4.388 2.769e+02
324  8.952e+11 4.494e-08  9.903e+11 3.828e-08  2.796e+12 9.057e-09  9.921e+00 0.417 0.902 3.058 3.441e+02
325  1.642e+12 4.466e-08  1.725e+12 3.942e-08  7.428e+12 5.189e-09  6.203e+00 0.544 0.798 1.275 1.977e+02
326  3.276e+11 5.257e-08  3.067e+11 5.069e-08  3.255e+11 4.669e-08  1.362e+01 0.812 0.306 4.078 4.091e+02
327  2.225e+12 5.154e-08  1.795e+12 5.485e-08  1.806e+12 5.442e-08  1.706e+01 0.675 0.461 3.469 5.224e+02
328  3.144e+11 5.749e-08  4.572e+11 3.872e-08  1.989e+12 5.025e-09  9.756e+00 0.355 0.931 2.284 2.910e+02
329  1.489e+11 4.713e-08  2.273e+11 3.002e-08  6.548e+12 2.821e-10  7.764e+00 0.570 0.821 0.795 1.365e+02
330  9.702e+11 4.235e-08  9.803e+11 3.859e-08  1.109e+12 3.251e-08  8.692e+00 0.601 0.797 5.379 1.330e+02
331  1.256e+12 4.472e-08  1.231e+12 4.155e-08  1.501e+12 3.156e-08  5.701e+00 0.789 -0.004 3.990 3.114e+02
332  2.578e+12 3.470e-08  2.493e+12 3.257e-08  4.334e+12 1.510e-08  5.376e+00 0.650 -0.130 0.937 1.667e+02
333  2.884e+11 5.198e-08  2.778e+11 4.908e-08  3.390e+11 3.723e-08  8.338e+00 0.997 -0.055 3.873 4.044e+02
334  8.851e+11 4.342e-08  8.426e+11 4.125e-08  1.105e+12 2.831e-08  6.289e+00 0.901 0.172 0.284 6.920e+01
335  2.236e+11 9.001e-08  2.027e+11 8.889e-08  9.750e+11 1.003e-08  2.746e+01 0.568 0.205 5.923 1.394e+02
336  2.004e+11 6.891e-08  3.833e+11 3.541e-08  1.164e+13 3.092e-10  1.153e+01 0.213 0.973 0.734 1.743e+02
337  1.641e+12 3.605e-08  1.421e+12 3.661e-08  1.451e+12 3.556e-08  8.654e+00 0.847 -0.523 2.132 3.384e+02
338  1.336e+12 4.798e-08  1.159e+12 4.866e-08  4.544e+12 7.295e-09  7.983e+00 0.928 0.373 3.102 4.396e+02
339  2.316e+11 4.669e-08  2.252e+11 4.381e-08  4.490e+11 1.680e-08  1.064e+01 0.944 -0.028 3.467 4.976e+02
340  2.104e+10 4.538e-07  6.010e+10 1.154e-07  3.654e+11 9.409e-09  5.596e+00 0.659 0.485 1.801 2.501e+02
341  1.537e+12 4.354e-08  1.259e+12 4.588e-08  1.373e+12 4.068e-08  1.313e+01 0.850 0.202 3.793 4.746e+02
342  8.559e+11 4.811e-08  7.243e+11 4.966e-08  7.747e+11 4.523e-08  1.389e+01 0.844 -0.040 0.684 2.733e+01
343  7.235e+11 4.340e-08  6.277e+11 4.407e-08  6.530e+11 4.172e-08  1.395e+01 0.803 -0.307 4.312 3.477e+02
344  5.374e+10 3.486e-07  9.052e+10 1.999e-07  4.569e+11 2.110e-08  6.233e+00 0.851 -0.346 3.369 3.748e+02
345  7.118e+11 4.102e-08  6.122e+11 4.190e-08  7.162e+11 3.370e-08  1.575e+01 0.765 0.268 1.714 2.731e+02
346  5.052e+11 4.690e-08  4.695e+11 4.544e-08  6.877e+11 2.675e-08  1.190e+01 0.793 0.483 3.112 4.928e+02
347  1.011e+11 6.932e-08  1.399e+11 4.887e-08  1.589e+11 4.094e-08  1.128e+01 0.596 0.765 1.574 2.266e+02
348  2.703e+11 5.012e-08  3.013e+11 4.225e-08  5.710e+11 1.739e-08  6.359e+00 0.911 -0.168 4.401 2.771e+02
349  2.919e+11 3.795e-08  4.933e+11 2.166e-08  1.305e+12 5.606e-09  6.386e+00 0.396 0.904 4.181 2.630e+02
350  7.963e+11 4.749e-08  6.827e+11 4.865e-08  6.861e+11 4.831e-08  2.090e+01 0.583 -0.514 2.235 4.241e+02
351  1.156e+11 6.560e-08  2.076e+11 3.476e-08  5.729e+11 8.485e-09  6.051e+00 0.586 0.744 4.304 2.665e+02
352  1.520e+12 3.894e-08  1.488e+12 3.625e-08  1.603e+13 1.335e-09  6.384e+00 0.690 -0.668 2.764 3.441e+02
353  6.977e+11 3.862e-08  7.061e+11 3.507e-08  9.020e+11 2.496e-08  6.333e+00 0.835 -0.423 0.356 8.322e+01
354  6.337e+11 5.312e-08  5.579e+11 5.348e-08  5.891e+11 4.959e-08  2.259e+01 0.518 -0.605 4.642 2.473e+02
355  5.666e+11 6.207e-08  4.935e+11 6.290e-08  5.393e+11 5.561e-08  1.836e+01 0.692 -0.323 2.998 5.641e+02
356  8.987e+11 3.960e-08  8.242e+11 3.865e-08  5.474e+12 2.787e-09  6.688e+00 0.951 -0.123 3.005 4.078e+02
357  5.703e+11 4.718e-08  8.972e+11 2.887e-08  2.941e+14 9.256e-12  5.046e+00 0.388 0.115 2.088 2.536e+02
358  2.376e+11 6.887e-08  2.421e+11 6.243e-08  7.325e+11 1.341e-08  1.078e+01 0.844 0.441 3.923 4.102e+02
359  1.041e+12 4.669e-08  1.503e+12 3.131e-08  5.143e+13 2.316e-10  5.460e+00 0.315 0.892 5.924 1.799e+02
360  7.926e+11 4.149e-08  7.706e+11 3.883e-08  9.709e+11 2.818e-08  6.939e+00 0.842 0.505 3.535 3.817e+02
361  8.299e+11 6.111e-08  7.209e+11 6.197e-08  8.145e+11 5.230e-08  1.081e+01 0.900 0.288 3.023 5.012e+02
362  1.081e+12 5.334e-08  1.087e+12 4.864e-08  1.672e+12 2.673e-08  5.674e+00 0.779 -0.063 0.523 1.160e+02
363  1.770e+12 4.747e-08  1.458e+12 4.981e-08  2.413e+12 2.476e-08  8.659e+00 0.979 0.174 2.912 4.639e+02
364  1.309e+10 5.083e-07  4.525e+10 8.013e-08  4.455e+11 3.344e-09  7.462e+00 0.482 0.875 4.622 2.353e+02
365  5.257e+11 6.084e-08  6.826e+11 4.485e-08  2.892e+12 6.039e-09  5.292e+00 0.591 0.225 2.351 2.890e+02
366  8.379e+11 4.001e-08  1.037e+12 3.080e-08  2.028e+13 4.955e-10  5.338e+00 0.529 -0.553 3.626 2.975e+02
367  1.268e+12 5.073e-08  1.060e+12 5.276e-08  1.069e+12 5.216e-08  1.212e+01 0.863 -0.280 2.397 4.432e+02
368  3.749e+11 7.777e-08  5.410e+11 5.187e-08  6.494e+12 1.644e-09  5.224e+00 0.560 0.051 2.813 3.051e+02
369  5.830e+11 1.054e-07  5.289e+11 1.040e-07  5.508e+11 9.830e-08  2.004e+01 0.528 0.653 0.987 7.136e+01
370  4.045e+11 8.353e-08  4.139e+11 7.532e-08  4.439e+11 6.834e-08  7.431e+00 0.882 -0.460 5.329 1.165e+02
371  6.926e+11 4.004e-08  6.105e+11 4.020e-08  6.342e+11 3.812e-08  9.252e+00 0.967 0.178 2.128 3.621e+02
372  9.971e+11 4.592e-08  9.721e+11 4.289e-08  1.067e+12 3.768e-08  6.903e+00 0.777 -0.602 2.153 3.111e+02
373  5.732e+11 5.328e-08  5.170e+11 5.266e-08  5.546e+11 4.777e-08  9.165e+00 0.960 -0.225 4.251 3.386e+02
374  5.557e+09 1.140e-06  2.009e+10 1.228e-07  7.973e+10 1.811e-08  5.716e+00 0.727 -0.404 4.502 2.509e+02
375  2.745e+10 2.647e-07  3.864e+10 1.842e-07  4.362e+10 1.556e-07  1.089e+01 0.937 -0.036 3.901 4.366e+02
376  1.913e+11 6.219e-08  3.705e+11 2.982e-08  3.782e+12 1.184e-09  5.110e+00 0.457 -0.150 1.038 1.922e+02
377  4.337e+11 4.952e-08  6.350e+11 3.291e-08  5.904e+12 1.487e-09  7.317e+00 0.385 -0.921 2.941 3.058e+02
378  5.217e+11 5.843e-08  5.728e+11 4.977e-08  7.745e+13 5.460e-11  5.761e+00 0.807 0.023 2.602 3.406e+02
379  3.939e+11 4.586e-08  5.074e+11 3.406e-08  1.600e+12 6.913e-09  5.454e+00 0.667 -0.281 3.734 3.125e+02
380  6.892e+11 4.566e-08  6.080e+11 4.584e-08  9.372e+11 2.513e-08  1.174e+01 0.859 0.331 4.632 2.489e+02
381  1.046e+10 7.264e-07  2.515e+10 2.724e-07  1.223e+11 3.029e-08  6.707e+00 0.943 0.183 5.333 1.197e+02
382  2.667e+11 4.751e-08  2.650e+11 4.387e-08  2.734e+11 4.200e-08  1.077e+01 0.864 -0.396 1.693 2.583e+02
383  8.400e+11 4.666e-08  8.737e+11 4.146e-08  2.008e+12 1.305e-08  5.730e+00 0.776 0.233 4.923 1.992e+02
384  3.356e+12 3.372e-08  3.535e+12 2.968e-08  1.069e+13 6.383e-09  5.203e+00 0.434 -0.605 1.084 1.958e+02
385  1.074e+12 5.293e-08  9.159e+11 5.431e-08  1.218e+12 3.655e-08  8.164e+00 0.994 0.103 2.481 4.109e+02
386  2.409e+12 3.863e-08  1.938e+12 4.116e-08  2.030e+12 3.860e-08  1.041e+01 0.932 -0.203 3.447 4.902e+02
387  3.100e+11 6.977e-08  5.501e+11 3.843e-08  6.205e+12 1.328e-09  8.654e+00 0.260 0.965 3.218 2.907e+02
388  2.572e+11 8.263e-08  3.059e+11 6.656e-08  3.407e+11 5.732e-08  1.344e+01 0.466 -0.840 1.381 1.929e+02
389  7.121e+10 2.233e-07  8.145e+10 1.854e-07  8.346e+10 1.792e-07  1.212e+01 0.898 0.021 4.803 1.983e+02
390  7.145e+11 4.290e-08  8.032e+11 3.590e-08  1.114e+12 2.280e-08  6.663e+00 0.616 -0.765 4.169 2.873e+02
391  7.754e+11 3.758e-08  6.641e+11 3.848e-08  6.710e+11 3.793e-08  1.304e+01 0.863 -0.125 4.709 2.272e+02
392  4.282e+11 6.057e-08  4.220e+11 5.633e-08  4.690e+11 4.865e-08  1.372e+01 0.626 -0.677 1.888 3.008e+02
393  1.241e+11 2.086e-07  1.354e+11 1.796e-07  1.577e+11 1.453e-07  1.134e+01 0.866 -0.347 4.647 2.443e+02
394  1.135e+12 4.354e-08  1.017e+12 4.320e-08  1.084e+12 3.952e-08  7.958e+00 0.882 0.472 2.634 4.029e+02
395  5.488e+11 6.232e-08  5.044e+11 6.078e-08  6.505e+11 4.270e-08  8.285e+00 0.968 0.247 2.200 3.621e+02
396  4.071e+11 4.399e-08  6.204e+11 2.780e-08  2.518e+12 3.971e-09  5.255e+00 0.480 0.568 1.913 2.502e+02
397  1.697e+12 3.726e-08  1.519e+12 3.705e-08  1.545e+12 3.618e-08  1.224e+01 0.567 0.774 3.691 3.929e+02
398  1.135e+12 3.922e-08  1.215e+12 3.406e-08  1.759e+13 8.326e-10  5.571e+00 0.652 -0.481 0.912 1.622e+02
399  8.977e+11 3.948e-08  8.640e+11 3.720e-08  2.466e+12 8.667e-09  6.118e+00 0.886 0.062 2.258 3.251e+02
400  4.816e+11 5.813e-08  5.527e+11 4.774e-08  9.291e+11 2.321e-08  5.650e+00 0.765 -0.142 1.310 1.941e+02
401  2.676e+11 1.039e-07  2.893e+11 9.007e-08  4.281e+11 5.226e-08  1.099e+01 0.695 0.668 2.856 4.346e+02
402  1.030e+12 4.341e-08  8.729e+11 4.474e-08  8.781e+11 4.437e-08  1.076e+01 0.924 0.187 4.327 3.325e+02
403  4.443e+11 4.505e-08  4.618e+11 4.012e-08  6.045e+11 2.760e-08  6.823e+00 0.869 -0.440 2.563 3.693e+02
404  7.337e+11 3.756e-08  8.421e+11 3.083e-08  1.458e+12 1.439e-08  5.403e+00 0.668 0.083 5.102 1.868e+02
405  1.683e+12 4.070e-08  1.437e+12 4.174e-08  1.471e+12 4.040e-08  1.028e+01 0.802 0.543 5.090 1.392e+02
406  1.274e+12 3.619e-08  1.336e+12 3.206e-08  1.266e+13 1.411e-09  7.786e+00 0.516 0.856 5.061 1.863e+02
407  3.132e+12 2.939e-08  2.455e+12 3.183e-08  2.585e+12 2.963e-08  1.469e+01 0.822 0.043 2.753 5.352e+02
408  1.847e+12 3.254e-08  1.524e+12 3.412e-08  1.549e+12 3.335e-08  1.002e+01 0.913 -0.318 4.416 3.025e+02
409  3.390e+11 4.739e-08  3.502e+11 4.248e-08  1.379e+12 6.330e-09  9.642e+00 0.783 0.594 2.366 3.806e+02
410  5.563e+11 5.562e-08  5.089e+11 5.447e-08  7.727e+11 3.049e-08  1.121e+01 0.840 -0.423 2.225 3.888e+02
411  5.429e+11 4.200e-08  9.056e+11 2.427e-08  1.132e+13 7.274e-10  5.543e+00 0.325 -0.897 2.679 2.722e+02
412  9.616e+11 3.658e-08  1.084e+12 3.047e-08  1.856e+12 1.443e-08  5.330e+00 0.629 0.071 1.844 2.519e+02
413  1.452e+12 3.848e-08  1.224e+12 3.978e-08  1.271e+12 3.775e-08  8.679e+00 0.955 -0.277 4.543 2.663e+02
414  1.404e+12 4.459e-08  1.160e+12 4.671e-08  1.359e+12 3.750e-08  1.101e+01 0.926 0.129 3.233 5.147e+02
415  9.944e+11 3.295e-08  8.854e+11 3.283e-08  1.075e+12 2.508e-08  6.975e+00 0.974 -0.078 2.063 3.187e+02
416  8.675e+11 3.796e-08  1.058e+12 2.993e-08  5.286e+12 3.203e-09  9.984e+00 0.312 -0.946 5.805 1.467e+02
417  1.877e+11 6.332e-08  4.415e+11 2.344e-08  1.922e+13 1.241e-10  5.439e+00 0.309 -0.893 0.054 1.779e+02
418  7.868e+10 7.000e-08  1.052e+11 5.078e-08  2.810e+11 1.298e-08  9.818e+00 0.775 0.600 3.684 4.128e+02
419  1.356e+12 4.389e-08  1.839e+12 3.116e-08  7.593e+12 4.348e-09  5.034e+00 0.340 -0.422 4.264 2.471e+02
420  5.402e+11 6.560e-08  4.692e+11 6.659e-08  6.661e+11 4.094e-08  1.707e+01 0.756 0.113 3.094 5.762e+02
421  1.833e+12 3.821e-08  1.909e+12 3.391e-08  2.596e+13 9.042e-10  5.523e+00 0.578 -0.603 4.066 2.812e+02
422  3.226e+11 5.342e-08  5.025e+11 3.348e-08  3.652e+12 2.130e-09  7.901e+00 0.368 0.930 2.958 3.085e+02
423  2.292e+12 3.649e-08  1.876e+12 3.844e-08  2.085e+12 3.321e-08  8.012e+00 0.977 -0.212 5.365 8.873e+01
424  1.038e+12 4.590e-08  8.558e+11 4.820e-08  1.001e+12 3.879e-08  2.206e+01 0.622 -0.333 2.865 5.703e+02
425  2.055e+12 4.384e-08  2.793e+12 3.114e-08  4.718e+13 6.140e-10  5.006e+00 0.264 -0.612 3.292 2.632e+02
426  1.875e+11 6.986e-08  2.118e+11 5.836e-08  2.855e+13 6.428e-11  7.139e+00 0.931 -0.325 6.248 3.410e+01
427  1.116e+11 6.651e-08  5.184e+11 3.769e-09  2.082e+13 2.232e-11  5.082e+00 0.099 0.974 0.616 2.143e+02
428  1.280e+12 5.139e-08  1.198e+12 4.947e-08  1.380e+12 4.066e-08  7.858e+00 0.744 0.668 5.356 1.247e+02
429  1.330e+10 6.345e-07  2.279e+10 3.645e-07  2.506e+10 3.194e-07  1.253e+01 0.850 -0.283 4.431 3.091e+02
430  8.379e+10 1.878e-07  1.228e+11 1.243e-07  1.694e+11 7.949e-08  6.110e+00 0.886 -0.039 2.359 3.365e+02
431  2.487e+11 5.720e-08  2.409e+11 5.382e-08  2.444e+11 5.277e-08  1.199e+01 0.877 -0.239 4.318 3.401e+02
432  6.512e+11 4.360e-08  6.545e+11 3.983e-08  6.984e+11 3.639e-08  7.160e+00 0.810 -0.570 3.916 3.458e+02
433  3.409e+10 7.511e-08  5.712e+10 4.370e-08  1.770e+11 9.083e-09  8.629e+00 0.821 -0.565 2.191 3.445e+02
434  1.130e+11 6.160e-08  1.472e+11 4.561e-08  2.133e+11 2.724e-08  7.604e+00 0.842 -0.536 1.652 2.410e+02
435  7.831e+11 4.089e-08  7.854e+11 3.738e-08  5.362e+12 2.594e-09  6.303e+00 0.824 -0.438 1.976 2.850e+02
436  2.594e+11 5.479e-08  2.772e+11 4.781e-08  2.948e+12 1.792e-09  6.813e+00 0.953 0.172 3.177 4.133e+02
437  1.618e+11 6.650e-08  1.675e+11 5.959e-08  1.983e+11 4.714e-08  8.552e+00 0.996 -0.012 2.574 4.329e+02
438  3.628e+11 5.223e-08  3.345e+11 5.089e-08  3.907e+11 4.102e-08  1.246e+01 0.872 0.188 4.480 2.964e+02
439  1.873e+11 5.770e-08  2.979e+11 3.484e-08  7.936e+12 3.649e-10  5.334e+00 0.631 -0.082 3.987 2.898e+02
440  1.179e+12 3.711e-08  1.212e+12 3.327e-08  2.019e+12 1.637e-08  5.555e+00 0.720 0.219 4.457 2.550e+02
441  3.015e+11 6.083e-08  5.431e+11 3.200e-08  1.791e+13 2.491e-10  5.208e+00 0.406 -0.674 3.935 2.684e+02
442  7.307e+11 5.929e-08  7.662e+11 5.238e-08  9.003e+11 4.186e-08  5.996e+00 0.779 -0.435 4.138 2.990e+02
443  7.677e+11 5.418e-08  7.221e+11 5.194e-08  7.468e+11 4.957e-08  6.631e+00 0.937 -0.180 4.619 2.427e+02
444  7.640e+11 4.083e-08  6.290e+11 4.293e-08  6.394e+11 4.196e-08  2.808e+01 0.557 -0.230 2.824 5.964e+02
445  3.684e+11 4.396e-08  4.211e+11 3.627e-08  4.787e+11 3.035e-08  6.137e+00 0.807 -0.423 1.143 1.668e+02
446  1.154e+12 6.567e-08  1.614e+12 4.540e-08  8.634e+12 4.423e-09  5.552e+00 0.316 -0.903 5.183 2.032e+02
447  9.142e+11 3.520e-08  9.128e+11 3.232e-08  1.250e+13 8.532e-10  7.422e+00 0.715 -0.694 3.101 3.791e+02
448  6.883e+11 4.172e-08  6.039e+11 4.202e-08  6.221e+11 4.032e-08  8.531e+00 0.996 0.013 2.228 3.755e+02
449  1.170e+12 3.682e-08  1.311e+12 3.082e-08  4.125e+12 6.275e-09  5.277e+00 0.590 0.162 1.516 2.212e+02
450  2.691e+11 5.520e-08  2.778e+11 4.947e-08  7.100e+11 1.344e-08  7.342e+00 0.965 0.230 2.646 4.060e+02
451  1.330e+12 3.840e-08  1.643e+12 2.964e-08  1.524e+13 1.344e-09  5.292e+00 0.424 0.716 2.611 2.814e+02
452  1.190e+12 5.476e-08  1.163e+12 5.107e-08  1.822e+12 2.739e-08  7.231e+00 0.702 0.704 2.286 3.221e+02
453  1.688e+12 3.931e-08  1.385e+12 4.139e-08  1.397e+12 4.088e-08  1.378e+01 0.794 0.351 1.909 3.272e+02
454  6.239e+11 6.889e-08  5.716e+11 6.738e-08  8.194e+11 4.086e-08  1.057e+01 0.837 0.467 5.185 1.109e+02
455  1.975e+11 7.023e-08  8.691e+11 7.018e-09  1.019e+14 9.380e-12  4.941e+00 0.093 -0.890 2.740 2.380e+02
456  7.996e+11 4.852e-08  7.110e+11 4.844e-08  7.242e+11 4.721e-08  1.059e+01 0.853 0.433 2.548 4.396e+02
457  4.288e+12 3.240e-08  3.832e+12 3.220e-08  7.435e+12 1.282e-08  6.791e+00 0.614 -0.772 3.041 3.458e+02
458  4.308e+11 4.914e-08  4.239e+11 4.567e-08  4.484e+11 4.224e-08  9.403e+00 0.829 0.532 4.035 3.663e+02
459  8.107e+10 6.559e-08  1.048e+11 4.900e-08  1.444e+11 3.137e-08  8.006e+00 0.913 0.408 1.991 3.121e+02
460  9.636e+09 6.444e-07  2.506e+10 2.102e-07  6.219e+10 5.949e-08  7.335e+00 0.854 0.507 2.210 3.340e+02
461  3.222e+11 4.508e-08  6.134e+11 2.218e-08  2.100e+13 1.639e-10  5.030e+00 0.361 0.205 0.660 1.851e+02
462  1.585e+11 1.946e-07  8.768e+11 1.880e-08  5.383e+12 1.512e-09  9.169e+00 0.044 -0.999 5.049 2.222e+02
463  3.635e+12 4.011e-08  3.633e+12 3.674e-08  1.694e+13 4.329e-09  5.229e+00 0.504 -0.452 0.513 1.604e+02
464  8.086e+11 4.676e-08  7.272e+11 4.633e-08  7.336e+11 4.577e-08  1.146e+01 0.776 -0.536 1.048 1.000e+02
465  3.125e+11 5.150e-08  3.187e+11 4.657e-08  1.399e+12 5.970e-09  7.059e+00 0.966 0.174 3.531 4.082e+02
466  7.241e+11 5.090e-08  6.979e+11 4.800e-08  7.233e+11 4.568e-08  8.814e+00 0.770 0.631 1.142 1.448e+02
467  2.516e+11 6.578e-08  3.311e+11 4.797e-08  4.482e+11 3.151e-08  5.708e+00 0.743 0.344 2.044 2.815e+02
468  1.918e+11 6.213e-08  2.524e+11 4.586e-08  3.192e+11 3.310e-08  1.154e+01 0.486 0.848 5.590 1.037e+02
469  6.861e+11 5.070e-08  6.642e+11 4.769e-08  8.008e+11 3.679e-08  1.007e+01 0.706 0.679 2.623 4.027e+02
470  5.117e+11 5.520e-08  6.915e+11 3.971e-08  6.239e+12 1.871e-09  8.862e+00 0.357 0.933 4.568 2.391e+02
471  9.681e+11 5.295e-08  8.303e+11 5.415e-08  9.100e+11 4.769e-08  1.127e+01 0.880 0.309 3.607 4.778e+02
472  1.187e+10 5.939e-07  2.289e+10 2.983e-07  4.873e+10 1.045e-07  1.113e+01 0.837 0.434 3.837 4.296e+02
473  2.203e+11 6.912e-08  2.891e+11 5.107e-08  4.783e+13 4.233e-11  1.040e+01 0.504 0.848 5.569 1.128e+02
474  1.891e+11 1.173e-07  1.964e+11 1.048e-07  5.416e+11 2.561e-08  1.010e+01 0.901 0.348 3.042 4.850e+02
475  2.453e+10 3.593e-07  8.797e+10 3.413e-08  2.114e+13 1.685e-11  5.263e+00 0.362 0.788 1.903 2.438e+02
476  1.163e+12 4.100e-08  9.270e+11 4.398e-08  9.443e+11 4.287e-08  3.507e+01 0.468 0.354 3.037 6.138e+02
477  5.671e+11 4.876e-08  1.112e+12 2.350e-08  3.666e+13 1.831e-10  5.362e+00 0.229 -0.935 3.948 2.504e+02
478  7.065e+11 4.839e-08  6.583e+11 4.673e-08  7.659e+11 3.787e-08  7.771e+00 0.912 0.408 3.490 4.184e+02
479  4.858e+12 3.374e-08  3.903e+12 3.597e-08  4.946e+12 2.589e-08  9.040e+00 0.835 0.533 3.051 4.423e+02
480  6.258e+10 6.715e-08  7.309e+10 5.502e-08  7.571e+10 5.239e-08  2.123e+01 0.574 -0.526 3.942 4.487e+02
481  1.788e+12 4.844e-08  1.888e+12 4.260e-08  8.243e+12 5.501e-09  6.267e+00 0.510 0.829 5.238 1.797e+02
482  1.390e+10 4.151e-07  3.112e+10 1.712e-07  4.499e+10 1.026e-07  6.544e+00 0.937 -0.130 1.367 1.901e+02
483  4.092e+11 5.444e-08  4.833e+11 4.417e-08  6.422e+11 2.976e-08  1.422e+01 0.356 0.905 3.782 3.388e+02
484  9.906e+11 4.382e-08  9.285e+11 4.227e-08  9.667e+11 3.997e-08  1.673e+01 0.434 -0.825 0.722 7.744e+01
485  3.607e+11 6.154e-08  3.331e+11 5.994e-08  3.430e+11 5.755e-08  1.637e+01 0.714 0.397 4.613 2.576e+02
486  8.879e+11 4.205e-08  7.959e+11 4.173e-08  9.261e+11 3.381e-08  8.902e+00 0.889 -0.440 2.322 3.815e+02
487  1.502e+10 3.872e-07  4.238e+10 1.034e-07  4.167e+11 4.324e-09  5.674e+00 0.768 0.183 4.162 2.914e+02
488  7.530e+11 5.379e-08  7.952e+11 4.725e-08  9.040e+11 3.955e-08  6.006e+00 0.756 0.488 4.705 2.269e+02
489  1.468e+11 1.257e-07  1.706e+11 1.029e-07  1.810e+11 9.478e-08  1.110e+01 0.733 0.616 1.862 2.925e+02
490  4.393e+11 4.512e-08  6.252e+11 3.098e-08  8.770e+12 7.909e-10  9.053e+00 0.335 -0.941 5.291 1.783e+02
491  6.195e+11 5.410e-08  7.621e+11 4.185e-08  4.206e+12 3.902e-09  5.315e+00 0.618 -0.108 1.478 2.173e+02
492  1.833e+11 5.733e-08  4.480e+11 2.094e-08  3.677e+12 1.125e-09  7.387e+00 0.222 0.975 4.884 2.179e+02
493  5.837e+11 4.915e-08  5.303e+11 4.844e-08  5.648e+11 4.438e-08  1.903e+01 0.552 -0.639 2.980 5.031e+02
494  2.131e+12 5.163e-08  1.946e+12 5.052e-08  2.433e+12 3.704e-08  6.416e+00 0.765 -0.570 2.005 2.855e+02
495  2.079e+12 3.771e-08  1.687e+12 3.996e-08  1.704e+12 3.939e-08  8.384e+00 0.997 -0.053 4.257 3.320e+02
496  1.187e+11 4.684e-08  1.784e+11 3.011e-08  4.734e+11 7.765e-09  5.842e+00 0.781 0.335 1.815 2.577e+02
497  1.942e+12 4.026e-08  1.579e+12 4.266e-08  1.607e+12 4.164e-08  2.322e+01 0.505 0.614 2.648 4.932e+02
498  1.081e+12 3.700e-08  9.252e+11 3.788e-08  1.051e+12 3.175e-08  9.494e+00 0.939 -0.275 2.405 4.157e+02
499  3.784e+11 6.888e-08  3.126e+11 7.227e-08  3.130e+11 7.214e-08  4.790e+01 0.398 0.260 2.543 5.734e+02
500  1.131e+12 3.708e-08  1.221e+12 3.226e-08  5.782e+12 3.721e-09  1.219e+01 0.325 -0.932 4.095 2.907e+02
501  6.246e+10 2.668e-07  8.733e+10 1.857e-07  2.281e+11 4.895e-08  6.752e+00 0.962 0.048 1.861 2.797e+02
502  1.666e+12 3.765e-08  1.388e+12 3.927e-08  1.572e+12 3.303e-08  1.538e+01 0.676 -0.541 1.181 1.173e+02
503  1.648e+12 4.156e-08  1.411e+12 4.251e-08  2.713e+12 1.715e-08  6.951e+00 0.967 -0.134 5.806 5.365e+01
504  5.991e+11 4.286e-08  7.058e+11 3.477e-08  1.547e+12 1.169e-08  1.116e+01 0.378 0.913 2.857 3.411e+02
505  4.417e+11 4.063e-08  4.258e+11 3.833e-08  5.201e+11 2.903e-08  9.673e+00 0.852 -0.482 3.363 4.566e+02
506  3.477e+09 9.046e-07  9.270e+09 2.956e-07  1.080e+10 2.392e-07  1.142e+01 0.883 -0.282 2.522 4.591e+02
507  3.476e+11 5.497e-08  3.601e+11 4.942e-08  4.836e+11 3.281e-08  2.128e+01 0.374 -0.832 4.002 3.622e+02
508  3.489e+11 5.145e-08  5.769e+11 3.077e-08  3.439e+12 2.578e-09  1.054e+01 0.229 -0.970 2.978 2.940e+02
509  6.437e+11 4.842e-08  1.107e+12 2.699e-08  1.268e+13 9.123e-10  4.988e+00 0.301 -0.128 3.661 2.631e+02
510  2.534e+12 3.929e-08  3.420e+12 2.813e-08  1.796e+14 1.148e-10  5.055e+00 0.233 -0.814 0.439 1.955e+02
511  1.011e+12 3.746e-08  1.071e+12 3.299e-08  2.165e+12 1.242e-08  1.023e+01 0.438 0.889 3.597 3.412e+02
512  1.700e+09 2.004e-06  6.680e+09 3.089e-07  1.428e+10 1.075e-07  7.342e+00 0.989 0.070 2.536 3.984e+02
513  8.709e+11 5.342e-08  7.895e+11 5.257e-08  8.642e+11 4.637e-08  6.951e+00 0.966 -0.143 5.044 1.630e+02
514  7.647e+11 6.519e-08  7.528e+11 6.043e-08  8.049e+11 5.507e-08  6.275e+00 0.870 -0.304 5.353 1.321e+02
515  5.347e+10 7.401e-08  9.457e+10 4.010e-08  1.087e+12 1.349e-09  5.957e+00 0.824 -0.273 0.416 9.689e+01
516  5.324e+11 5.274e-08  5.627e+11 4.641e-08  6.559e+11 3.751e-08  8.050e+00 0.711 0.703 3.949 3.401e+02
517  6.873e+11 4.202e-08  6.690e+11 3.934e-08  1.110e+12 1.947e-08  8.624e+00 0.773 0.630 2.761 4.042e+02
518  1.739e+11 5.293e-08  4.863e+11 1.473e-08  3.696e+13 3.598e-11  5.343e+00 0.236 -0.929 3.777 2.551e+02
519  3.172e+11 4.851e-08  3.519e+11 4.110e-08  3.985e+11 3.458e-08  8.124e+00 0.762 -0.647 5.681 7.876e+01
520  1.255e+12 3.926e-08  1.552e+12 3.045e-08  3.833e+13 3.542e-10  7.141e+00 0.337 -0.939 4.046 2.690e+02
521  1.066e+12 4.556e-08  9.627e+11 4.500e-08  1.556e+12 2.310e-08  1.010e+01 0.760 0.612 2.989 4.429e+02
522  9.920e+11 6.081e-08  8.519e+11 6.212e-08  1.204e+12 3.841e-08  9.110e+00 0.964 -0.212 1.826 2.898e+02
523  7.316e+08 2.306e-06  3.075e+07 5.255e-11  2.278e+10 5.431e-15  2.269e+01 0.053 0.997 2.959 2.569e+02
524  2.494e+11 1.493e-07  2.518e+11 1.364e-07  2.798e+11 1.179e-07  1.400e+01 0.704 0.548 2.804 4.849e+02
525  3.003e+11 4.850e-08  3.984e+11 3.508e-08  2.275e+12 3.120e-09  5.474e+00 0.702 0.077 0.352 1.226e+02
526  6.198e+10 2.773e-07  8.465e+10 1.974e-07  4.492e+11 1.944e-08  6.985e+00 0.972 -0.112 3.294 4.197e+02
527  6.311e+11 5.578e-08  5.733e+11 5.484e-08  3.108e+13 2.141e-10  8.145e+00 0.969 0.246 3.196 4.534e+02
528  2.176e+11 6.016e-08  2.705e+11 4.640e-08  1.133e+12 6.342e-09  8.098e+00 0.694 -0.720 2.968 3.858e+02
529  1.979e+12 4.277e-08  1.613e+12 4.518e-08  2.468e+12 2.503e-08  8.017e+00 0.999 -0.039 3.305 4.541e+02
530  4.937e+11 6.121e-08  4.678e+11 5.843e-08  5.030e+11 5.282e-08  8.266e+00 0.934 -0.356 5.397 8.526e+01
531  1.622e+11 5.590e-08  2.184e+11 4.026e-08  2.865e+11 2.761e-08  9.199e+00 0.607 -0.787 1.100 1.532e+02
532  1.219e+11 1.922e-07  1.263e+11 1.728e-07  1.333e+11 1.603e-07  2.703e+01 0.462 0.614 2.865 5.279e+02
533  3.822e+11 6.157e-08  5.856e+11 3.916e-08  1.774e+14 1.402e-11  7.430e+00 0.368 0.929 4.902 2.111e+02
534  7.855e+11 4.527e-08  7.266e+11 4.407e-08  7.582e+11 4.154e-08  1.772e+01 0.483 0.762 4.320 3.143e+02
535  1.197e+12 3.575e-08  1.155e+12 3.363e-08  1.084e+13 1.500e-09  6.185e+00 0.802 0.452 5.881 9.454e+01
536  1.256e+10 4.845e-07  2.965e+10 1.840e-07  6.807e+10 5.800e-08  7.946e+00 0.823 -0.568 5.373 1.101e+02
537  5.516e+11 4.478e-08  7.533e+11 3.155e-08  1.906e+12 8.692e-09  5.549e+00 0.500 -0.734 1.272 2.026e+02
538  3.568e+11 5.700e-08  3.938e+11 4.879e-08  5.046e+11 3.458e-08  1.592e+01 0.413 0.852 2.903 4.011e+02
539  1.067e+12 4.955e-08  1.151e+12 4.285e-08  3.630e+12 8.689e-09  6.308e+00 0.603 -0.754 0.865 1.549e+02
540  5.393e+11 5.780e-08  5.728e+11 5.057e-08  7.879e+11 3.248e-08  6.315e+00 0.814 0.463 4.322 2.824e+02
541  7.461e+11 3.739e-08  7.407e+11 3.449e-08  9.125e+11 2.582e-08  7.935e+00 0.749 0.662 1.423 2.007e+02
542  1.175e+12 4.753e-08  1.056e+12 4.711e-08  1.268e+12 3.653e-08  1.059e+01 0.723 0.645 3.693 4.121e+02
543  3.295e+08 1.567e-06  2.607e+08 3.928e-09  4.192e+09 8.295e-11  1.230e+01 0.502 0.827 1.954 2.911e+02
544  3.651e+11 6.641e-08  4.505e+11 5.142e-08  2.709e+12 4.256e-09  6.804e+00 0.648 0.742 5.006 1.891e+02
545  7.787e+11 4.994e-08  8.922e+11 4.123e-08  2.117e+12 1.242e-08  7.676e+00 0.505 -0.863 3.540 3.292e+02
546  1.265e+11 7.154e-08  1.236e+11 6.703e-08  1.241e+11 6.670e-08  2.303e+01 0.643 -0.012 3.892 5.067e+02
547  7.314e+11 4.238e-08  6.503e+11 4.229e-08  7.357e+11 3.563e-08  7.869e+00 0.990 0.140 1.575 2.269e+02
548  5.649e+11 4.690e-08  4.787e+11 4.841e-08  4.904e+11 4.680e-08  2.345e+01 0.634 0.098 0.440 1.211e+02
549  7.006e+11 4.654e-08  6.123e+11 4.700e-08  6.294e+11 4.523e-08  1.022e+01 0.946 0.149 2.469 4.423e+02
550  1.096e+11 6.930e-08  2.061e+11 3.456e-08  1.358e+12 2.521e-09  5.469e+00 0.599 0.523 3.826 2.987e+02
551  9.323e+09 6.641e-07  3.118e+10 2.181e-08  6.869e+11 2.974e-10  6.545e+00 0.322 -0.940 1.125 1.998e+02
552  4.947e+11 5.085e-08  5.248e+11 4.455e-08  2.696e+12 4.589e-09  6.575e+00 0.821 -0.500 3.383 3.772e+02
553  1.044e+12 4.695e-08  8.695e+11 4.898e-08  8.722e+11 4.877e-08  1.774e+01 0.711 0.300 4.161 4.044e+02
554  9.096e+10 1.239e-07  1.076e+11 1.000e-07  1.674e+11 5.413e-08  7.727e+00 0.992 0.119 4.316 3.113e+02
555  3.755e+12 3.460e-08  3.254e+12 3.510e-08  3.802e+12 2.828e-08  6.818e+00 0.741 0.643 2.306 3.239e+02
556  1.323e+12 4.496e-08  1.161e+12 4.525e-08  6.329e+12 4.294e-09  8.611e+00 0.864 -0.496 3.151 4.404e+02
557  1.427e+11 2.452e-07  1.922e+11 1.754e-07  2.430e+11 1.267e-07  5.942e+00 0.853 -0.036 1.862 2.678e+02
558  3.375e+10 3.317e-07  6.738e+10 1.561e-07  1.321e+11 6.132e-08  7.103e+00 0.751 -0.646 3.527 3.687e+02
559  1.387e+11 7.311e-08  2.761e+11 3.415e-08  3.347e+12 1.068e-09  5.965e+00 0.456 0.847 0.269 1.505e+02
560  3.097e+11 6.155e-08  2.885e+11 5.956e-08  3.136e+11 5.304e-08  1.353e+01 0.843 0.174 3.853 4.673e+02
561  9.555e+10 6.895e-08  1.613e+11 3.914e-08  7.397e+11 4.720e-09  5.558e+00 0.738 -0.052 1.468 2.139e+02
562  5.983e+11 4.562e-08  5.352e+11 4.537e-08  5.557e+11 4.306e-08  1.155e+01 0.864 0.332 2.294 4.133e+02
563  2.804e+09 8.308e-07  1.043e+10 1.091e-07  1.742e+10 5.348e-08  9.223e+00 0.718 -0.683 4.772 2.147e+02
564  4.942e+09 6.975e-07  1.315e+10 2.257e-07  7.682e+10 1.945e-08  9.765e+00 0.875 -0.432 2.850 4.605e+02
565  1.583e+12 3.288e-08  1.442e+12 3.224e-08  1.877e+12 2.235e-08  7.232e+00 0.795 0.594 0.558 8.511e+01
566  5.187e+09 6.256e-07  1.171e+10 2.602e-07  1.319e+10 2.206e-07  1.272e+01 0.849 0.263 2.387 4.472e+02
567  1.289e+12 4.317e-08  1.100e+12 4.436e-08  1.124e+12 4.305e-08  2.128e+01 0.481 0.700 3.582 4.692e+02
568  6.598e+11 5.074e-08  6.259e+11 4.836e-08  8.527e+11 3.147e-08  6.903e+00 0.939 0.262 2.091 3.190e+02
569  3.148e+12 3.314e-08  2.786e+12 3.319e-08  2.834e+12 3.241e-08  9.198e+00 0.584 0.805 1.972 2.863e+02
570  4.292e+11 4.644e-08  5.596e+11 3.413e-08  4.428e+12 1.930e-09  5.523e+00 0.623 -0.513 3.040 3.241e+02
571  5.263e+11 5.445e-08  4.499e+11 5.589e-08  4.522e+11 5.549e-08  2.469e+01 0.592 0.287 2.414 5.049e+02
572  4.611e+11 5.768e-08  8.062e+11 3.156e-08  1.447e+13 5.723e-10  5.340e+00 0.333 -0.852 1.161 2.057e+02
573  8.916e+11 4.863e-08  7.566e+11 5.009e-08  7.702e+11 4.887e-08  1.204e+01 0.901 -0.035 3.563 5.056e+02
574  1.770e+12 4.591e-08  1.726e+12 4.295e-08  1.998e+12 3.504e-08  8.393e+00 0.537 0.843 1.872 2.646e+02
575  2.587e+11 4.624e-08  4.242e+11 2.700e-08  5.036e+12 8.691e-10  5.198e+00 0.525 0.247 5.387 1.773e+02
576  1.337e+12 3.894e-08  1.742e+12 2.866e-08  1.476e+13 1.474e-09  5.040e+00 0.381 -0.098 2.529 2.708e+02
577  6.858e+11 4.361e-08  6.767e+11 4.050e-08  8.730e+12 1.161e-09  1.191e+01 0.580 0.767 2.628 3.963e+02
578  2.846e+11 8.261e-08  3.562e+11 6.372e-08  4.101e+11 5.238e-08  1.167e+01 0.448 0.871 1.874 2.702e+02
579  1.721e+12 3.106e-08  2.497e+12 2.075e-08  1.016e+15 4.928e-12  5.030e+00 0.245 -0.748 2.858 2.597e+02
580  5.347e+11 4.102e-08  1.354e+12 1.445e-08  2.021e+14 1.382e-11  5.740e+00 0.130 0.987 6.141 2.047e+02
581  1.001e+12 5.230e-08  9.658e+11 4.922e-08  1.004e+12 4.663e-08  6.759e+00 0.809 -0.543 4.793 2.132e+02
582  1.354e+11 6.663e-08  1.876e+11 4.646e-08  3.285e+11 2.133e-08  6.294e+00 0.806 -0.474 3.934 3.286e+02
583  1.117e+12 3.923e-08  9.835e+11 3.944e-08  1.081e+12 3.457e-08  1.263e+01 0.701 -0.608 3.603 4.491e+02
584  2.348e+11 5.997e-08  3.299e+11 4.109e-08  2.147e+13 1.245e-10  5.464e+00 0.699 -0.029 3.426 3.311e+02
585  2.146e+11 6.758e-08  2.573e+11 5.375e-08  6.406e+11 1.514e-08  8.211e+00 0.742 -0.669 4.039 3.356e+02
586  3.092e+11 5.221e-08  2.988e+11 4.925e-08  3.037e+11 4.816e-08  1.461e+01 0.714 -0.500 2.190 3.938e+02
587  2.671e+11 8.395e-08  3.269e+11 6.546e-08  1.270e+12 9.940e-09  6.757e+00 0.748 -0.630 4.485 2.589e+02
588  1.222e+12 4.382e-08  1.441e+12 3.542e-08  7.302e+13 1.519e-10  8.212e+00 0.347 0.938 0.294 1.474e+02
589  2.534e+11 5.999e-08  2.471e+11 5.616e-08  3.166e+11 3.979e-08  8.991e+00 0.985 0.090 1.416 1.867e+02
590  5.355e+11 5.069e-08  4.818e+11 5.022e-08  5.181e+11 4.541e-08  1.199e+01 0.857 0.314 2.576 4.712e+02
591  1.018e+12 4.892e-08  9.620e+11 4.678e-08  1.085e+12 3.957e-08  8.247e+00 0.758 0.652 4.323 2.944e+02
592  3.671e+11 5.907e-08  3.646e+11 5.454e-08  3.925e+11 4.923e-08  1.006e+01 0.817 -0.527 2.588 4.262e+02
593  1.994e+11 6.049e-08  2.918e+11 4.008e-08  5.808e+11 1.541e-08  7.059e+00 0.582 0.805 5.310 1.592e+02
594  1.483e+12 2.765e-08  1.596e+12 2.414e-08  7.331e+12 2.903e-09  1.271e+01 0.269 0.952 0.442 1.391e+02
595  3.147e+11 5.556e-08  3.251e+11 4.988e-08  3.550e+11 4.415e-08  1.214e+01 0.679 -0.654 1.830 2.857e+02
596  9.245e+11 4.179e-08  8.935e+11 3.926e-08  1.240e+12 2.492e-08  6.060e+00 0.874 -0.086 1.060 1.514e+02
597  4.729e+11 6.167e-08  4.439e+11 5.941e-08  4.470e+11 5.884e-08  1.635e+01 0.609 0.623 4.464 2.928e+02
598  1.153e+12 4.085e-08  9.805e+11 4.199e-08  8.665e+13 8.317e-11  7.824e+00 0.998 -0.062 2.284 3.734e+02
599  1.567e+11 6.551e-08  1.654e+11 5.783e-08  1.839e+11 4.990e-08  9.857e+00 0.931 0.273 2.478 4.331e+02
600  2.335e+12 3.636e-08  1.863e+12 3.897e-08  1.870e+12 3.875e-08  1.765e+01 0.698 0.357 2.321 4.531e+02
601  5.626e+11 4.437e-08  5.998e+11 3.869e-08  8.278e+11 2.474e-08  5.894e+00 0.827 -0.188 5.375 1.398e+02
602  4.460e+11 4.664e-08  6.690e+11 3.118e-08  2.457e+12 5.118e-09  2.083e+01 0.099 -0.989 2.240 2.599e+02
603  1.445e+12 3.996e-08  1.638e+12 3.314e-08  9.016e+12 3.102e-09  5.204e+00 0.524 -0.280 5.915 1.533e+02
604  4.636e+11 7.408e-08  5.039e+11 6.368e-08  7.250e+11 3.842e-08  6.598e+00 0.794 0.549 3.445 3.703e+02
605  1.092e+12 4.135e-08  1.562e+12 2.808e-08  8.421e+12 2.704e-09  6.043e+00 0.286 -0.945 2.361 2.613e+02
606  1.858e+08 4.644e-06  1.114e+06 3.630e-10  7.090e+09 1.893e-15  6.845e+00 0.700 0.692 4.973 1.903e+02
607  7.302e+11 4.966e-08  7.950e+11 4.258e-08  3.334e+12 5.815e-09  5.848e+00 0.722 -0.494 2.675 3.344e+02
608  1.897e+11 1.555e-07  2.184e+11 1.288e-07  2.276e+11 1.216e-07  1.693e+01 0.463 0.795 2.089 3.317e+02
609  2.743e+11 5.019e-08  2.644e+11 4.739e-08  2.718e+11 4.559e-08  1.089e+01 0.912 -0.230 2.469 4.472e+02
610  5.129e+11 4.988e-08  8.838e+11 2.788e-08  2.259e+13 3.093e-10  5.776e+00 0.302 0.928 2.261 2.579e+02
611  3.677e+12 3.233e-08  2.878e+12 3.504e-08  2.919e+12 3.436e-08  1.128e+01 0.925 -0.032 3.813 4.578e+02
612  7.757e+11 3.803e-08  7.898e+11 3.436e-08  1.122e+12 2.109e-08  5.848e+00 0.830 0.047 1.962 2.792e+02
613  6.209e+11 5.135e-08  9.822e+11 3.145e-08  7.221e+12 1.969e-09  5.827e+00 0.324 0.920 1.814 2.391e+02
614  5.760e+11 4.458e-08  4.924e+11 4.574e-08  5.023e+11 4.450e-08  1.999e+01 0.696 -0.071 2.693 5.586e+02
615  3.158e+11 8.318e-08  3.168e+11 7.623e-08  1.011e+12 1.520e-08  9.377e+00 0.872 0.456 3.025 4.593e+02
616  6.727e+11 3.680e-08  6.466e+11 3.473e-08  1.633e+12 9.592e-09  6.501e+00 0.933 -0.130 2.412 3.564e+02
617  3.805e+11 1.019e-07  3.649e+11 9.681e-08  3.692e+11 9.525e-08  2.237e+01 0.450 0.725 4.167 3.621e+02
618  4.070e+11 6.912e-08  4.169e+11 6.225e-08  4.280e+12 2.452e-09  6.895e+00 0.911 -0.349 3.062 4.068e+02
619  1.111e+12 4.895e-08  9.308e+11 5.089e-08  9.395e+11 5.024e-08  2.065e+01 0.587 0.516 4.898 1.669e+02
620  5.240e+11 5.961e-08  4.847e+11 5.795e-08  5.360e+11 5.040e-08  1.266e+01 0.761 0.506 3.538 4.760e+02
621  1.731e+12 4.769e-08  1.370e+12 5.138e-08  2.794e+12 1.909e-08  2.411e+01 0.626 -0.012 3.129 6.138e+02
622  5.007e+11 8.121e-08  7.716e+11 5.085e-08  1.268e+13 1.042e-09  5.423e+00 0.411 -0.797 4.107 2.623e+02
623  3.904e+11 5.193e-08  4.786e+11 4.032e-08  8.047e+12 8.003e-10  5.541e+00 0.732 -0.043 6.261 1.098e+02
624  1.590e+12 4.132e-08  1.302e+12 4.353e-08  1.322e+12 4.261e-08  1.066e+01 0.943 0.035 1.891 3.163e+02
625  5.609e+11 5.393e-08  5.645e+11 4.919e-08  1.317e+12 1.516e-08  6.265e+00 0.905 -0.115 1.085 1.497e+02
626  2.254e+10 3.135e-07  8.588e+10 1.884e-08  2.411e+13 7.492e-12  6.140e+00 0.260 -0.957 5.990 1.821e+02
627  6.812e+11 5.183e-08  7.690e+11 4.315e-08  1.547e+12 1.634e-08  5.652e+00 0.695 0.438 1.006 1.656e+02
628  3.204e+11 4.852e-08  4.781e+11 3.163e-08  1.396e+12 7.140e-09  7.369e+00 0.431 -0.901 2.550 3.021e+02
629  8.788e+11 4.693e-08  8.371e+11 4.458e-08  1.406e+12 2.169e-08  7.010e+00 0.855 0.487 5.730 7.870e+01
630  3.208e+09 1.210e-06  2.191e+09 1.393e-09  4.295e+11 9.127e-13  9.235e+00 0.169 -0.985 1.446 2.204e+02
631  1.716e+12 3.893e-08  1.395e+12 4.122e-08  2.159e+12 2.247e-08  1.192e+01 0.905 0.024 2.804 5.137e+02
632  4.130e+11 7.759e-08  4.911e+11 6.201e-08  9.094e+11 2.635e-08  6.833e+00 0.665 -0.727 2.788 3.491e+02
633  4.427e+11 6.208e-08  4.046e+11 6.086e-08  4.371e+11 5.466e-08  1.248e+01 0.843 0.312 3.458 5.077e+02
634  3.260e+11 5.244e-08  3.784e+11 4.275e-08  4.218e+11 3.676e-08  6.601e+00 0.783 -0.567 4.747 2.208e+02
635  7.096e+11 6.256e-08  7.318e+11 5.598e-08  1.650e+12 1.809e-08  5.945e+00 0.822 -0.271 4.029 3.148e+02
636  1.043e+12 4.634e-08  1.283e+12 3.590e-08  4.210e+12 6.889e-09  5.382e+00 0.480 0.685 1.676 2.338e+02
637  3.842e+11 7.258e-08  3.607e+11 6.978e-08  3.954e+11 6.142e-08  8.868e+00 0.974 0.186 2.849 4.640e+02
638  1.718e+12 6.173e-08  3.161e+12 3.314e-08  8.029e+13 3.709e-10  6.310e+00 0.103 0.994 3.170 2.447e+02
639  2.391e+11 5.445e-08  2.560e+11 4.746e-08  7.174e+11 1.135e-08  8.247e+00 0.889 -0.457 1.988 3.117e+02
640  1.544e+11 6.055e-08  1.963e+11 4.594e-08  3.598e+11 1.980e-08  1.012e+01 0.643 -0.742 1.164 1.522e+02
641  1.521e+11 7.953e-08  1.931e+11 6.023e-08  2.129e+11 5.259e-08  8.082e+00 0.764 -0.645 1.167 1.561e+02
642  8.410e+10 2.078e-07  2.406e+11 5.780e-08  3.213e+12 1.580e-09  7.600e+00 0.258 -0.966 0.727 1.836e+02
643  2.911e+11 4.501e-08  3.747e+11 3.348e-08  2.054e+12 3.152e-09  5.574e+00 0.743 -0.081 2.770 3.367e+02
644  1.973e+09 2.275e-06  7.576e+09 2.722e-07  2.673e+10 4.725e-08  8.427e+00 0.836 0.546 2.747 4.134e+02
645  2.435e+12 3.401e-08  2.094e+12 3.474e-08  2.684e+12 2.462e-08  1.263e+01 0.578 -0.756 3.517 4.171e+02
646  2.346e+09 1.387e-06  8.092e+09 2.643e-07  2.676e+10 5.019e-08  9.326e+00 0.878 0.447 1.762 2.707e+02
647  1.560e+09 9.385e-07  5.528e+09 1.830e-07  3.262e+10 1.554e-08  9.639e+00 0.963 -0.147 3.363 4.857e+02
648  7.033e+11 6.217e-08  6.154e+11 6.273e-08  6.287e+11 6.089e-08  8.950e+00 0.988 -0.056 4.216 3.471e+02
649  1.891e+10 3.116e-07  1.714e+10 3.063e-07  1.732e+10 3.019e-07  1.586e+02 0.177 -0.416 0.306 1.880e+02
650  9.097e+11 4.555e-08  9.704e+11 3.974e-08  1.819e+12 1.660e-08  6.579e+00 0.645 0.733 1.876 2.628e+02
651  4.192e+11 5.931e-08  3.941e+11 5.702e-08  4.154e+11 5.301e-08  1.300e+01 0.764 -0.480 2.700 4.781e+02
652  4.375e+11 6.234e-08  5.277e+11 4.936e-08  4.468e+12 2.541e-09  8.283e+00 0.543 0.839 3.318 3.537e+02
653  9.258e+11 6.174e-08  9.572e+11 5.524e-08  2.203e+12 1.736e-08  7.669e+00 0.628 0.778 2.660 3.492e+02
654  5.016e+11 4.977e-08  5.708e+11 4.117e-08  4.586e+12 2.279e-09  5.639e+00 0.768 0.050 2.790 3.427e+02
655  6.890e+11 7.070e-08  6.908e+11 6.494e-08  8.852e+11 4.601e-08  1.260e+01 0.522 -0.807 4.762 2.168e+02
656  1.502e+11 6.512e-08  7.950e+11 4.363e-09  1.706e+14 2.520e-12  6.139e+00 0.066 0.997 3.799 2.352e+02
657  2.810e+11 4.613e-08  3.190e+11 3.836e-08  3.548e+11 3.310e-08  7.816e+00 0.777 0.629 2.500 3.664e+02
658  1.088e+12 4.722e-08  1.384e+12 3.552e-08  1.589e+14 4.891e-11  5.371e+00 0.431 -0.752 3.989 2.698e+02
659  2.450e+11 4.679e-08  2.436e+11 4.334e-08  2.516e+11 4.143e-08  2.504e+01 0.423 -0.723 4.333 3.261e+02
660  1.479e+11 6.552e-08  2.348e+11 3.987e-08  5.984e+12 4.441e-10  6.396e+00 0.618 -0.746 3.657 3.252e+02
661  1.307e+12 5.958e-08  1.276e+12 5.552e-08  1.572e+12 4.156e-08  5.697e+00 0.787 -0.043 2.014 2.812e+02
662  1.006e+12 4.620e-08  1.421e+12 3.187e-08  1.031e+13 2.033e-09  7.128e+00 0.265 -0.963 6.233 1.715e+02
663  2.975e+11 5.197e-08  3.121e+11 4.601e-08  7.941e+11 1.258e-08  8.060e+00 0.879 0.477 2.935 4.260e+02
664  1.320e+11 5.051e-08  1.386e+11 4.479e-08  1.424e+11 4.314e-08  1.154e+01 0.903 -0.172 4.247 3.587e+02
665  5.928e+11 8.988e-08  5.277e+11 8.972e-08  5.843e+11 7.789e-08  1.377e+01 0.784 0.382 2.906 5.189e+02
666  1.048e+12 4.424e-08  9.810e+11 4.254e-08  1.134e+12 3.476e-08  6.241e+00 0.900 -0.134 1.233 1.724e+02
667  1.584e+11 6.274e-08  5.278e+11 1.185e-08  7.800e+13 1.149e-11  4.938e+00 0.187 -0.277 2.518 2.473e+02
668  3.319e+12 3.298e-08  3.132e+12 3.158e-08  1.016e+13 6.163e-09  8.123e+00 0.469 -0.883 3.687 3.200e+02
669  7.537e+11 4.659e-08  6.623e+11 4.691e-08  6.659e+11 4.656e-08  1.350e+01 0.771 -0.434 4.752 2.146e+02
670  2.162e+12 3.297e-08  1.697e+12 3.569e-08  1.739e+12 3.451e-08  2.353e+01 0.629 -0.138 3.108 6.078e+02
671  2.997e+12 3.575e-08  2.581e+12 3.643e-08  2.809e+12 3.239e-08  7.884e+00 0.753 -0.657 5.678 8.500e+01
672  1.444e+12 5.386e-08  1.192e+12 5.650e-08  1.233e+12 5.393e-08  1.507e+01 0.759 -0.356 6.132 8.602e+01
673  1.450e+10 6.598e-07  4.142e+10 1.736e-07  2.089e+11 1.835e-08  6.649e+00 0.692 0.689 1.454 2.106e+02
674  3.453e+12 3.192e-08  3.278e+12 3.052e-08  4.244e+12 2.132e-08  1.314e+01 0.276 0.948 2.786 3.214e+02
675  1.298e+11 7.573e-08  2.014e+11 4.770e-08  6.626e+11 9.123e-09  9.193e+00 0.513 -0.853 2.877 3.569e+02
676  8.647e+11 4.754e-08  8.378e+11 4.465e-08  8.859e+11 4.132e-08  8.305e+00 0.740 -0.671 1.403 1.964e+02
677  6.433e+11 4.698e-08  5.164e+11 5.018e-08  5.457e+11 4.648e-08  4.469e+01 0.427 0.127 2.882 6.399e+02
678  5.965e+11 4.540e-08  5.231e+11 4.577e-08  5.248e+11 4.557e-08  1.343e+01 0.841 0.204 3.995 4.334e+02
679  8.527e+11 6.664e-08  7.427e+11 6.749e-08  7.526e+11 6.625e-08  1.271e+01 0.800 0.417 2.071 3.632e+02
680  6.495e+11 4.321e-08  5.759e+11 4.322e-08  6.227e+11 3.878e-08  1.077e+01 0.903 -0.280 3.875 4.320e+02
681  6.359e+10 6.706e-08  1.209e+11 3.430e-08  1.555e+12 9.871e-10  1.175e+01 0.404 0.896 0.369 1.006e+02
682  1.347e+12 4.843e-08  1.156e+12 4.946e-08  1.191e+12 4.749e-08  7.241e+00 0.983 -0.111 4.702 2.281e+02
683  3.398e+11 5.040e-08  4.421e+11 3.746e-08  2.957e+12 2.675e-09  9.175e+00 0.468 0.880 1.943 2.709e+02
684  1.925e+12 4.074e-08  1.875e+12 3.804e-08  4.092e+12 1.286e-08  5.558e+00 0.699 0.326 0.599 1.340e+02
685  3.348e+11 7.974e-08  3.193e+11 7.581e-08  3.359e+11 7.066e-08  8.687e+00 0.980 0.168 4.377 3.066e+02
686  9.009e+11 3.991e-08  7.893e+11 4.024e-08  8.148e+11 3.850e-08  1.038e+01 0.875 -0.395 1.067 1.007e+02
687  7.049e+11 4.117e-08  5.509e+11 4.469e-08  6.004e+11 3.966e-08  7.612e+01 0.266 0.507 3.141 6.194e+02
688  1.994e+10 3.263e-07  4.768e+10 1.189e-07  4.936e+11 4.628e-09  6.238e+00 0.798 -0.476 2.551 3.452e+02
689  4.897e+10 2.940e-07  6.231e+10 2.241e-07  7.932e+10 1.603e-07  1.639e+01 0.673 0.500 3.628 4.926e+02
690  7.313e+11 5.060e-08  7.711e+11 4.450e-08  1.141e+12 2.583e-08  5.879e+00 0.777 -0.376 4.571 2.446e+02
691  2.238e+11 4.594e-08  2.431e+11 3.961e-08  2.600e+11 3.607e-08  8.635e+00 0.860 -0.503 2.280 3.654e+02
692  1.733e+12 3.520e-08  1.481e+12 3.605e-08  2.082e+12 2.246e-08  6.835e+00 0.968 -0.048 3.289 4.148e+02
693  6.416e+11 4.837e-08  1.601e+12 1.785e-08  1.215e+14 4.371e-11  6.406e+00 0.105 0.994 6.203 2.067e+02
694  2.295e+11 5.894e-08  3.463e+11 3.786e-08  3.420e+12 1.573e-09  6.749e+00 0.533 0.832 2.556 3.126e+02
695  1.784e+12 3.841e-08  1.676e+12 3.687e-08  1.752e+12 3.468e-08  7.945e+00 0.641 -0.768 4.179 3.007e+02
696  5.931e+11 4.868e-08  6.921e+11 3.970e-08  1.195e+12 1.859e-08  9.422e+00 0.459 0.883 1.813 2.558e+02
697  2.530e+11 5.124e-08  2.655e+11 4.538e-08  4.929e+11 1.921e-08  8.602e+00 0.888 -0.451 3.274 4.443e+02
698  1.128e+12 4.420e-08  1.114e+12 4.110e-08  1.576e+12 2.536e-08  1.403e+01 0.394 0.883 5.599 1.068e+02
699  2.580e+11 5.714e-08  2.939e+11 4.765e-08  4.627e+11 2.537e-08  1.390e+01 0.504 -0.803 3.443 4.123e+02
700  2.694e+11 6.101e-08  3.452e+11 4.559e-08  2.874e+12 2.401e-09  5.694e+00 0.761 0.254 3.348 3.478e+02
701  8.094e+11 5.873e-08  8.771e+11 5.052e-08  2.290e+12 1.332e-08  5.535e+00 0.727 0.096 3.434 3.364e+02
702  3.031e+12 4.298e-08  2.818e+12 4.167e-08  6.499e+12 1.306e-08  1.199e+01 0.365 -0.914 3.408 3.454e+02
703  2.679e+11 4.517e-08  2.478e+11 4.396e-08  2.882e+11 3.565e-08  1.826e+01 0.720 0.190 3.542 5.519e+02
704  1.196e+12 4.858e-08  9.893e+11 5.090e-08  9.991e+11 5.020e-08  1.741e+01 0.714 -0.316 3.963 4.556e+02
705  2.166e+11 4.648e-08  3.381e+11 2.919e-08  2.545e+12 1.769e-09  9.561e+00 0.379 -0.921 3.114 3.300e+02
706  1.950e+11 7.211e-08  1.895e+11 6.777e-08  1.956e+11 6.486e-08  1.530e+01 0.795 0.163 3.748 5.014e+02
707  9.875e+11 4.152e-08  8.408e+11 4.266e-08  8.498e+11 4.203e-08  8.977e+00 0.987 -0.069 1.695 2.575e+02
708  9.327e+11 5.882e-08  1.104e+12 4.714e-08  1.948e+14 3.576e-11  6.169e+00 0.505 -0.827 3.483 3.105e+02
709  1.713e+12 4.008e-08  1.583e+12 3.901e-08  2.303e+12 2.318e-08  1.276e+01 0.469 0.846 4.665 2.340e+02
710  2.067e+12 4.078e-08  2.109e+12 3.688e-08  6.784e+12 7.280e-09  7.685e+00 0.453 -0.891 5.980 1.300e+02
711  1.683e+11 1.544e-07  3.159e+11 7.700e-08  1.283e+13 4.487e-10  5.163e+00 0.511 -0.063 4.516 2.407e+02
712  3.549e+11 4.692e-08  6.417e+11 2.547e-08  5.874e+12 1.176e-09  9.207e+00 0.215 0.976 3.206 2.828e+02
713  7.919e+11 4.562e-08  8.042e+11 4.132e-08  9.534e+11 3.263e-08  6.575e+00 0.776 0.574 4.351 2.781e+02
714  3.155e+11 6.410e-08  4.956e+11 3.953e-08  3.858e+12 2.287e-09  6.489e+00 0.435 0.886 5.778 1.548e+02
715  3.548e+11 8.209e-08  4.343e+11 6.389e-08  6.578e+11 3.588e-08  5.959e+00 0.728 0.528 4.728 2.240e+02
716  2.591e+12 3.995e-08  2.019e+12 4.344e-08  2.021e+12 4.338e-08  2.285e+01 0.644 0.080 2.086 4.141e+02
717  1.389e+10 5.270e-07  4.978e+10 3.202e-08  2.702e+12 1.248e-10  5.776e+00 0.370 -0.890 5.943 1.681e+02
718  9.184e+08 3.946e-06  3.752e+09 4.182e-07  6.354e+09 2.012e-07  1.024e+01 0.896 0.351 1.932 3.187e+02
719  2.983e+11 5.089e-08  3.087e+11 4.551e-08  1.324e+12 6.023e-09  6.923e+00 0.962 0.157 3.019 4.169e+02
720  7.446e+11 6.744e-08  8.229e+11 5.728e-08  2.451e+12 1.258e-08  7.409e+00 0.585 -0.808 0.618 1.240e+02
721  1.094e+12 2.797e-08  1.863e+12 1.590e-08  3.401e+14 1.149e-11  5.187e+00 0.213 0.917 1.545 2.252e+02
722  4.229e+11 5.215e-08  4.831e+11 4.303e-08  2.597e+12 4.162e-09  5.979e+00 0.782 -0.417 3.794 3.329e+02
723  3.406e+12 3.486e-08  2.821e+12 3.647e-08  2.916e+12 3.482e-08  9.951e+00 0.749 0.631 1.174 1.435e+02
724  1.507e+12 4.144e-08  1.745e+12 3.383e-08  5.777e+12 6.413e-09  5.705e+00 0.450 0.822 4.635 2.317e+02
725  2.355e+11 5.489e-08  2.637e+11 4.613e-08  1.212e+12 5.549e-09  7.013e+00 0.896 0.403 3.136 4.075e+02
726  2.978e+11 5.260e-08  3.424e+11 4.323e-08  9.189e+12 4.482e-10  6.856e+00 0.804 0.559 2.936 3.819e+02
727  6.190e+11 4.203e-08  7.280e+11 3.392e-08  1.794e+12 9.695e-09  7.014e+00 0.563 -0.818 3.930 3.064e+02
728  2.537e+11 6.501e-08  2.472e+11 6.088e-08  4.585e+11 2.582e-08  9.220e+00 0.977 0.112 2.030 3.407e+02
729  4.276e+11 5.634e-08  3.824e+11 5.608e-08  7.761e+11 2.098e-08  1.484e+01 0.813 -0.117 3.578 5.282e+02
730  2.048e+11 9.007e-08  2.749e+11 6.521e-08  3.740e+13 7.091e-11  1.014e+01 0.508 -0.848 2.449 3.394e+02
731  8.141e+11 4.473e-08  1.086e+12 3.230e-08  9.001e+12 1.713e-09  6.022e+00 0.405 -0.885 3.122 2.962e+02
732  2.754e+12 3.874e-08  3.573e+12 2.872e-08  2.107e+14 9.974e-11  5.009e+00 0.252 0.668 1.488 2.230e+02
733  1.423e+12 4.124e-08  1.362e+12 3.903e-08  2.689e+12 1.517e-08  6.502e+00 0.751 0.602 2.640 3.495e+02
734  7.425e+10 5.659e-08  1.382e+11 2.872e-08  2.714e+11 1.125e-08  5.943e+00 0.680 -0.605 2.120 2.867e+02
735  1.540e+08 4.471e-06  2.779e-17 3.503e-20  1.558e-02 1.148e-40  1.006e+01 0.119 0.992 5.597 1.995e+02
736  3.636e+09 8.774e-07  5.806e+09 5.417e-07  1.225e+10 1.920e-07  7.625e+01 0.224 -0.689 3.308 5.524e+02
737  1.825e+12 3.048e-08  1.688e+12 2.967e-08  3.475e+12 1.088e-08  1.475e+01 0.392 -0.879 2.613 3.641e+02
738  7.125e+11 4.610e-08  6.236e+11 4.656e-08  6.325e+11 4.565e-08  1.556e+01 0.717 0.441 3.850 4.589e+02
739  4.845e+11 5.852e-08  4.161e+11 5.987e-08  4.214e+11 5.884e-08  2.258e+01 0.650 0.052 3.385 5.961e+02
740  1.273e+12 4.034e-08  1.006e+12 4.350e-08  1.011e+12 4.322e-08  3.312e+01 0.516 0.078 2.966 6.314e+02
741  4.726e+11 6.063e-08  4.845e+11 5.454e-08  1.160e+12 1.622e-08  6.293e+00 0.912 -0.083 3.439 3.842e+02
742  3.743e+11 5.959e-08  4.830e+11 4.486e-08  2.199e+12 5.463e-09  1.220e+01 0.344 0.923 4.971 1.957e+02
743  6.855e+11 6.027e-08  8.494e+11 4.642e-08  3.210e+12 7.325e-09  5.870e+00 0.541 -0.763 5.678 1.509e+02
744  5.263e+11 5.352e-08  6.407e+11 4.179e-08  5.046e+12 2.378e-09  5.403e+00 0.670 -0.022 2.391 3.018e+02
745  3.829e+09 1.128e-06  1.563e+09 1.862e-09  6.371e+11 4.412e-13  5.004e+00 0.326 0.158 2.557 2.648e+02
746  6.329e+11 3.947e-08  6.186e+11 3.679e-08  9.616e+11 1.994e-08  6.385e+00 0.922 0.105 2.481 3.601e+02
747  1.351e+12 4.307e-08  1.092e+12 4.580e-08  1.110e+12 4.477e-08  2.083e+01 0.674 0.150 3.526 5.689e+02
748  2.139e+12 3.787e-08  1.949e+12 3.709e-08  3.177e+12 1.883e-08  5.847e+00 0.811 0.217 3.404 3.576e+02
749  9.559e+11 4.230e-08  8.612e+11 4.183e-08  9.255e+11 3.785e-08  8.726e+00 0.867 0.488 1.610 2.345e+02
750  9.710e+11 4.419e-08  9.582e+11 4.087e-08  1.231e+12 2.887e-08  5.977e+00 0.823 -0.291 2.354 3.259e+02
751  5.828e+11 5.033e-08  7.508e+11 3.751e-08  1.430e+12 1.533e-08  6.321e+00 0.503 -0.837 2.349 2.904e+02
752  2.717e+11 6.679e-08  2.735e+11 6.107e-08  3.518e+11 4.304e-08  9.918e+00 0.876 -0.422 1.876 3.008e+02
753  2.138e+11 1.256e-07  3.453e+11 7.575e-08  8.254e+11 2.258e-08  7.987e+00 0.421 0.907 4.221 2.718e+02
754  1.156e+11 5.262e-08  1.360e+11 4.258e-08  1.551e+11 3.547e-08  8.008e+00 0.942 -0.337 1.392 1.874e+02
755  5.320e+12 2.666e-08  4.127e+12 2.906e-08  4.178e+12 2.857e-08  1.364e+01 0.791 0.373 3.849 4.549e+02
756  1.541e+10 4.130e-07  5.350e+10 5.394e-08  4.254e+11 3.029e-09  5.770e+00 0.504 -0.783 1.383 2.104e+02
757  4.733e+11 6.132e-08  6.289e+11 4.429e-08  1.619e+12 1.191e-08  5.495e+00 0.575 0.593 1.661 2.342e+02
758  1.839e+12 3.908e-08  1.874e+12 3.533e-08  3.234e+12 1.655e-08  6.528e+00 0.550 -0.813 5.206 1.770e+02
759  7.915e+11 5.063e-08  1.230e+12 3.162e-08  1.642e+13 8.647e-10  5.760e+00 0.295 -0.931 4.730 2.251e+02
760  3.824e+11 6.606e-08  3.915e+11 5.966e-08  3.964e+11 5.863e-08  1.043e+01 0.727 -0.645 2.231 3.588e+02
761  1.599e+11 6.067e-08  1.871e+11 4.940e-08  4.149e+11 1.635e-08  1.148e+01 0.682 -0.670 3.872 3.913e+02
762  5.241e+11 5.164e-08  7.461e+11 3.492e-08  1.767e+13 4.307e-10  5.190e+00 0.492 0.391 1.618 2.295e+02
763  1.591e+12 4.132e-08  1.308e+12 4.346e-08  1.510e+12 3.558e-08  1.478e+01 0.762 0.368 3.243 5.362e+02
764  4.520e+12 3.285e-08  4.347e+12 3.102e-08  1.263e+13 7.055e-09  7.025e+00 0.418 0.904 0.635 1.577e+02
765  2.641e+11 4.881e-08  2.912e+11 4.153e-08  4.025e+11 2.650e-08  7.232e+00 0.877 0.461 2.715 3.928e+02
766  8.402e+11 3.996e-08  7.315e+11 4.045e-08  1.509e+12 1.480e-08  1.005e+01 0.924 0.279 6.254 3.963e+01
767  6.942e+11 3.701e-08  7.701e+11 3.134e-08  1.004e+12 2.168e-08  7.375e+00 0.599 -0.797 5.312 1.539e+02
768  2.130e+12 3.290e-08  1.682e+12 3.548e-08  1.683e+12 3.546e-08  2.040e+01 0.686 0.106 2.094 4.108e+02
769  8.210e+10 7.188e-08  9.431e+10 5.946e-08  9.864e+10 5.587e-08  1.194e+01 0.864 -0.294 3.617 4.854e+02
770  2.506e+11 5.820e-08  3.904e+11 3.661e-08  9.859e+11 1.011e-08  9.162e+00 0.367 0.928 5.011 1.975e+02
771  3.621e+11 4.564e-08  7.244e+11 2.201e-08  1.789e+13 2.562e-10  8.057e+00 0.197 -0.980 3.758 2.633e+02
772  4.979e+11 7.597e-08  5.368e+11 6.572e-08  6.010e+11 5.616e-08  6.474e+00 0.798 0.525 1.080 1.557e+02
773  9.303e+11 4.658e-08  1.071e+12 3.816e-08  2.911e+12 9.514e-09  5.472e+00 0.595 -0.534 4.347 2.593e+02
774  4.740e+11 4.501e-08  5.675e+11 3.586e-08  1.854e+12 6.928e-09  8.200e+00 0.537 -0.843 4.003 3.088e+02
775  3.563e+11 4.676e-08  3.707e+11 4.168e-08  1.016e+12 1.027e-08  8.892e+00 0.798 0.592 2.130 3.345e+02
776  7.129e+11 5.194e-08  8.595e+11 4.113e-08  7.560e+12 2.007e-09  7.625e+00 0.462 0.886 4.637 2.337e+02
777  1.276e+12 5.231e-08  1.360e+12 4.561e-08  3.722e+12 1.126e-08  5.487e+00 0.636 0.443 2.292 2.921e+02
778  6.720e+10 5.698e-08  1.762e+11 1.874e-08  1.081e+12 1.508e-09  9.180e+00 0.288 -0.956 4.928 2.097e+02
779  6.379e+11 4.689e-08  5.220e+11 4.950e-08  5.224e+11 4.945e-08  3.922e+01 0.432 -0.376 2.009 3.927e+02
780  1.291e+11 6.101e-08  1.304e+11 5.579e-08  1.406e+11 5.023e-08  1.737e+01 0.747 0.137 6.063 1.170e+02
781  1.769e+11 7.117e-08  2.165e+11 5.551e-08  2.761e+11 3.961e-08  6.208e+00 0.898 0.104 4.530 2.552e+02
782  2.265e+12 4.315e-08  2.069e+12 4.221e-08  5.430e+12 1.105e-08  6.237e+00 0.761 -0.544 3.278 3.615e+02
783  3.793e+11 5.082e-08  3.607e+11 4.843e-08  1.110e+12 1.016e-08  1.038e+01 0.885 0.371 3.169 4.882e+02
784  9.540e+11 3.798e-08  8.176e+11 3.885e-08  8.644e+11 3.596e-08  8.793e+00 0.985 -0.122 3.718 4.351e+02
785  9.078e+10 6.287e-08  1.715e+11 3.203e-08  5.766e+11 5.948e-09  9.159e+00 0.431 0.899 2.433 3.122e+02
786  1.194e+12 4.709e-08  1.194e+12 4.326e-08  2.346e+13 6.911e-10  8.928e+00 0.557 -0.827 2.095 2.976e+02
787  5.031e+09 6.187e-07  1.500e+10 2.030e-08  2.197e+12 1.993e-11  5.207e+00 0.547 -0.059 0.160 1.457e+02
788  5.715e+11 4.400e-08  4.502e+11 4.754e-08  4.505e+11 4.750e-08  6.607e+01 0.326 0.259 3.892 5.443e+02
789  2.481e+11 5.803e-08  2.925e+11 4.689e-08  1.337e+12 5.680e-09  9.640e+00 0.647 0.747 1.017 1.319e+02
790  6.727e+11 5.263e-08  7.592e+11 4.383e-08  6.173e+13 9.746e-11  5.707e+00 0.695 0.478 3.352 3.374e+02
